85.33944383252916
63.46094801420162
115.76008109116243
126.41013270862793
56.50262502111254
66.32796097242256
63.82145746460844
140.1813970868593
94.11457485939712
174.7179694917467
110.58212695809374
129.97907939255398
68.26539130316401
122.63879312827753
51.00322713731569
48.82012886690645
49.41067400468798
85.13979890940078
95.80979064309862
169.37062577182556
62.83855865969657
107.00157977200449
69.94597684372712
107.02955869782691
95.63063489381446
65.4041825210042
52.65383051481589
60.167503230374216
54.85748874578769
68.35022445348966
