1.1758828282023894
1.165506858294452
1.1546882840161221
1.1632557383028976
1.1482907155064832
1.1726298383836826
1.1627541658524203
1.167190034698646
1.1866070700617124
1.1930709233090104
1.175273747928775
1.1754350639978863
1.163352240279863
1.1572175531609352
1.147308842147989
1.1751358319614187
1.1720322666559597
1.1661445306635503
1.1799685519135008
1.1829136145256787
1.1664316364943759
1.1700300099885987
1.1514827320458174
1.1723189279800408
1.204025831521302
1.1860689042681023
1.1616403780039146
1.145264948917916
1.1659089638064752
1.1887372744626723
