1.0284337828210437
1.026837244061588
1.0236268055839286
1.024907332089736
1.0214754874549952
1.0285880996609271
1.0260425337222419
1.0242961790160587
1.0291471301172033
1.0308863521535523
1.0240091012899792
1.0245465724236305
1.026078579617721
1.0219816603114902
1.0227842442354949
1.028172705036677
1.025488510595262
1.0231772800133154
1.029906581355514
1.0263543750249464
1.0255028905772448
1.0273087947721022
1.0205417204927627
1.0273422180441756
1.0305275525282385
1.028440353259692
1.0263480688809419
1.0193925918128723
1.0256867764594741
1.0285595073940539
