1.005399083711839
1.00511275162
1.0033716655369354
1.004147286928983
1.0037564794778346
1.0052205213722982
1.0042998090022661
1.003961850306855
1.0047695322046244
1.0060323424031141
1.0036041836956884
1.0037686347353212
1.0049970039444929
1.0033050541597917
1.00338176340467
1.0050145189124529
1.004815276063985
1.0034619450758706
1.0059339672768755
1.0047860566045927
1.0043453039392365
1.0047259531867472
1.0030969095651296
1.005078871950878
1.0050190761370763
1.0049849192178844
1.0053615375474165
1.0030019529729486
1.004673949339797
1.0049525494189626
