1.0009642623080035
1.0008228634873273
1.0006409525343773
1.0006150160506215
1.0004243059834859
1.000799863050546
1.000682116213077
1.0007575758362717
1.0006673468592027
1.001108353111379
1.0006763592600023
1.000596814382897
1.0009497488682833
1.0005218836185668
1.000550550617376
1.000959458134311
1.0011435912864728
1.0004966365611014
1.0012324230607954
1.0008694434249497
1.0005800231904383
1.000766926643596
1.0007852867979388
1.001028848868252
1.0008506158985857
1.0011832403297762
1.000714494397155
1.00067530009943
1.0009566306414768
1.00086062314453
