1.0003706242221913
1.0006742596576448
1.0012741133415446
1.0006269412023705
1.0005840525463419
1.0006369027754547
1.0006935871952718
1.0006630175492275
1.0005762556321942
1.0002650810905704
1.0010930688056827
1.0002414917356743
1.0005508580282558
1.0009847642498149
1.000800641815074
1.0004006316943368
1.0010954818929694
1.0004175318087143
1.000735407621894
1.0007924399338037
1.0004045398127501
1.0005817980390903
1.0016248639533945
1.0008555713416083
1.0011047074869999
1.00070962573605
1.000469819141843
1.0008580931170137
1.0010086176829802
1.0007881361227313
