1.002519382198682
1.0043845618413854
1.0065680173210405
1.0040665581748127
1.003953598789094
1.0035899451573125
1.0043571148166732
1.0035496908015205
1.0040382347004537
1.003154474683379
1.004665090670211
1.0025989405426592
1.0034020420228953
1.005812260956296
1.0052698205051789
1.0031674607123457
1.0047155524839586
1.0035931675903427
1.0038637851333359
1.0044935076389179
1.0028438327869633
1.0042547244803464
1.0063709499258036
1.0039688632777604
1.0053519247887432
1.0037622375313613
1.0043157352602072
1.0042055673304524
1.0058232843589237
1.004215225650037
