1.0217885009470806
1.0283676810635773
1.0369302000654947
1.0245757235085904
1.0288075670845978
1.0307386709923794
1.0331857662223545
1.0235044810013239
1.0246327405101474
1.0243394049406598
1.028035846985427
1.0222633135465733
1.0250019075206145
1.036460010082309
1.0344424465934126
1.02783905586413
1.0280771291451232
1.030064874969811
1.028338298490913
1.026920528910294
1.0268017813111925
1.031395129626642
1.035646191532208
1.030969791148857
1.0321957975192073
1.0243180676242856
1.0304125415927692
1.025721881383301
1.0380539503881263
1.0349617272414986
