1.9309769169040054
1.6473145665940194
2.6169298869436592
1.6122520420501627
1.7715099742609453
1.8055427401575008
3.253676793841989
1.8612526457726155
1.585553563622521
1.7760536444121895
1.9020213705164042
1.881420239634231
1.5474442443280305
2.350469380093021
1.697117081705058
3.1227441475557187
1.5634700098966001
1.992505499170678
1.9069299385257825
1.580463151344993
1.7971127383839263
2.018116546297115
2.241018965852776
2.1368450975653115
1.764695084543298
1.5996236636766015
1.7039735398031668
1.6715027080098455
2.043111092898652
1.9423593167879443
