3.178984613143836 3.178950742655696
4.688496073873235 3.750531086756272
5.894441441443757 2.863227175217393
4.495940603319511 2.9658560518596215
5.006781126605013 2.97694136996327
7.90946257367019 3.350947476777072
9.928223797537981 3.808653573404448
9.330021380270004 3.847983573553364
7.881228536871269 3.0585430920682497
11.069430127244196 3.66783698877643
13.045381492896247 2.8696849762819734
15.861753509246164 3.5756472079802677
16.706607326278537 2.9881152620008558
11.133006218891033 2.9469095822565374
13.488586695346399 3.607086060742816
11.57175629510617 2.839551406777909
12.988742286495366 2.8132843786787873
8.623521909136556 3.4830465099652437
5.257364042242912 2.9726590524847643
3.1959653868061224 3.19594155290786
4.666196756199668 3.2958403453376306
6.831981592882414 2.8332280220331696
8.717589238359366 2.8579923663662132
11.219200408102168 2.806641660527358
13.956154373886463 2.989848011206902
16.924624002912424 3.0148143806310816
11.005495839467699 3.068931940694202
9.576925822048267 3.261942963932347
7.597050329197714 2.964205896261592
6.85844521422743 3.114128839033382
11.104040290217768 3.8997148377665862
13.78063599408236 3.246419152787704
11.387835626118118 3.1997214315045484
12.859850592580756 3.096347823156812
5.2562852998872245 2.8281534779334914
3.2911158984893802 3.2910936094466776
3.1873586001827903 3.187283350894061
4.88927531586836 3.1643762880534845
2.9011859905020003 2.9011115011855857
5.297029920703608 2.88891195842999
8.312631987546013 3.5149722804775734
10.563926026745378 2.8529618627409343
3.5890011500841013 3.5889903622330186
3.76416247449626 2.9229671442089433
3.466568258591252 3.015548473392574
3.1393554775932273 3.13933306302204
2.9740727786797834 2.9740471339372805
3.0084145000346894 2.833031590406161
3.0701265017581534 3.0700896082961515
3.2832249076508333 3.283159836828247
2.9440052180083 2.9440032362932773
3.042737966811927 3.042720005365091
3.527597097162584 3.527591396230691
4.549225125586418 3.3703656936724347
6.443417667972994 3.3937133626807996
7.225005506063326 3.179082142350257
8.37494639763355 3.4810247344584906
10.138892416179317 2.9908350952011906
10.697850987105312 3.8706771973553264
13.221507065187268 2.903595784448043
14.527703905883072 3.0577336166770053
16.600961177839054 2.9992427452212636
19.971085050663135 3.588301812521772
19.393572551228203 2.948301392658746
15.766643976758587 2.8479380588397665
18.532934229223542 2.836401633162861
20.453824498132747 3.035411222852737
6.344649764161886 3.0279856495305455
8.737281770946652 2.962498764398755
3.9389972672962017 3.0746895075414713
3.663907052133311 3.6638612795569525
5.206867747159549 3.642385466297462
7.03936365466808 2.9966028629939103
4.965681554170203 2.966359532785016
8.346285998959559 3.8543472616488152
6.328261155468567 3.0362149545406645
9.278849657122407 3.2857083941753564
4.7561615424650086 4.7560672288268595
4.165555755048274 4.16547124714393
6.756840715206522 3.1925748086057437
7.989913541202952 2.838757592069174
8.880059928056824 3.4409604897775234
10.929033707482688 3.0362024335548625
11.076549926892085 2.817274427605682
13.570673666278708 2.847076174206152
15.900500677233765 2.9161433292979413
12.649923866720599 2.861265359534225
15.12451160553934 3.4415191341432534
15.998505566744711 3.4959382511331216
16.874572462106755 2.8825374492604237
18.92932679420636 3.1694660471618366
21.63735560185421 3.1192157481654097
24.42007518153366 2.8013353337527382
12.636541397315568 3.4740694504297025
11.820864458215055 2.8756585101084675
10.104665047890478 3.171913419508562
12.243741695837286 3.5004192562138474
13.134547754310063 3.037817857975426
10.679992771278421 2.8912644397295075
7.224500921844481 3.078353442455169
5.213711853690143 3.1785019883934718
9.988376490124892 4.9642377029863916
7.503205104034521 3.028649654966221
7.996944906558042 2.8946253127197457
6.406633264026539 2.8228243355270934
2.8406006011663862 2.840586279353985
3.357569228797445 3.3575613026909696
3.964912918767368 3.964898123015292
4.07409604600241 3.194449589472779
4.519756014025631 2.842010354690985
7.990227431397841 3.587153611610947
5.344353585079773 2.993146081248663
3.635842080674877 3.6357921694888833
3.59451683828496 3.5945145396995315
4.175090552594497 2.8151858024227083
2.912076419019286 2.9119992355470687
5.680328463314481 2.8163581307572776
5.72180113186414 2.8768161037610094
4.681161336329524 2.9584222962892786
4.359377221080138 2.884348321573474
5.889764768492114 3.1851596919780536
3.3055047562110076 3.3054472060159465
3.8690161358975956 3.8689399000643645
5.111247066365195 3.6188076855556885
7.449861059674731 2.9196745445629206
10.686455793969913 3.3884335119060047
12.91849948344236 3.0015987103555393
9.874434060027625 2.853053204935892
11.594060949469394 3.1828182563030545
14.269078000033232 3.2002162828962097
16.708475892635192 3.036684039496597
18.24175555607951 3.6203737930636506
20.479198727528455 3.330817812572809
22.683509179335374 2.9867446284545296
22.60896066542307 3.0294211594762674
24.51831382652756 2.883799149260554
12.74747529103206 3.6344925591091277
6.929262845155563 3.1158414917484953
6.405886257083807 2.878415611455223
4.836355434823872 3.04582602472958
6.459371244022236 3.5190527642792935
10.369945320797683 2.8628208298228905
7.969843819796893 3.5353752774634115
10.42191542413866 2.9672495746215812
12.503638676414312 2.880627562441758
15.088703571889255 3.0917654886514594
17.09570333566421 2.8468601016999138
18.630481571190103 3.184786478457603
20.392793060530266 3.2816887652008546
14.745532393814187 2.918227219230295
15.88903365145336 3.0939203519157528
17.339522445940474 2.8152176308803423
17.806581630515325 4.2428403129418175
17.60531438697376 3.364926243411747
15.338402831160352 2.9345652691879294
7.181710590560215 2.959850033811362
2.8019048665205446 2.8018985342839238
5.845987698642261 2.9547467329901185
6.588674758164757 3.3183246979373857
10.21840768153777 2.9217249371798455
11.445172752627172 2.8433682613712867
13.371301791600672 2.950093398615845
10.959396095418015 2.976573962951859
12.7193131694263 3.0260877673623687
9.021159711016253 4.806602862008863
5.070838695755356 3.1074894702558007
7.087791540462035 2.820947748659786
4.657224533177782 2.9467596362889172
2.904887836639773 2.8147305020471673
3.6081054521548594 3.030344301980951
2.979297443244718 2.9792174177022575
4.798964542377462 2.8418540856312315
4.494857588507102 2.8773208753558315
6.874431696252714 3.0943780417731785
10.856104096831928 4.3251232252822955
8.046864401903917 2.956409606181898
3.593234692581632 2.8092863039811204
3.3932686785428814 3.3932473244873123
4.200429965147691 3.0097652646883915
2.9581449924048684 2.958051654837602
4.359892255669706 4.094468551936747
10.210089216365759 2.939856991303421
12.067828328320502 3.5059833884508587
15.459949770172443 3.514561166326039
18.64155490544647 3.2659037252442995
10.3658241948865 4.373836153324993
10.103952994468159 3.494474645098501
9.359437421025063 3.0558650115416497
3.1531442781407577 3.1531254009075123
6.426199917352051 4.08902756055833
5.519933071059654 3.159568142518756
3.3450489319241115 2.909114138163428
7.754809359343881 3.790854694787723
4.0368585219263196 3.5845272402318122
2.8820134061998033 2.881936321208418
3.633140591140659 3.6330950684357584
6.315642897402995 2.806498887688444
9.363457451054842 3.0547536839756226
6.488710250520057 3.034537286136555
2.851291616755475 2.851213509881194
3.018512628894314 3.018504970665809
3.619199020986798 3.619100551494673
3.0959677611544976 3.095908950689413
3.31107603908913 3.310991580535211
5.295962769964262 2.8497660022597624
2.886580831731294 2.886539720823275
5.663343132284808 3.947999281812301
2.952466597385751 2.9524336416369574
5.449865387301429 3.282210177971734
4.117258034348538 3.1237875189317945
3.1153364204792524 2.973518091899758
8.161540902441857 3.0135787122930555
10.551557896108534 3.6743817977542665
14.229638296737335 3.981646166359069
13.796127769983741 3.4693042845053434
7.4818671083201025 3.6483161693444024
9.862718286919062 3.1212734004261318
5.946178168070105 2.988724329823252
8.718689766197258 2.970333675513044
10.261990250928648 3.1138916069423073
2.8787074175678526 2.878662635414756
3.1821381686149834 3.1820665699708854
5.370526681102888 3.5339317621632484
8.766211261068747 3.874470224698541
11.679065110742954 3.698849996426844
14.77832335042524 3.155149401671267
17.24917916489187 3.2026781792975987
17.543858470478426 3.149367715796604
20.11332289574932 4.170050592994501
20.91590235791034 2.9359863349809014
6.839649451660989 2.8710376752917024
6.731412632726119 2.9390296099045337
9.845738344447795 3.12047581036018
12.723972390941867 3.184200558108717
15.391364116131285 3.8282407602053405
14.960075143169774 2.9391787829519473
16.1035952931893 2.8371420540427157
15.508574266505775 3.170651468499015
17.333713607894765 3.0263908224087737
18.648775169242413 3.2596914405115136
19.708511828525843 3.978979619255465
21.705716477899045 2.9087117672117366
20.71989046208762 3.7161157948358365
23.62625581956661 3.355180564606925
24.096463236894465 3.3176611923087123
25.397550627998612 3.048638552089565
22.462385927330047 3.9898595411800746
16.496733010723233 3.165260517815215
15.739421273421954 2.981411511292389
17.4860963460859 3.1092164762097028
8.783238231570408 2.9164701978216114
10.10965425692541 2.9991827775203586
12.915459119697516 3.1461876851105233
15.730353392006123 3.162896638659118
14.01712836865886 3.030963368048037
17.353571737101447 3.4292462535086594
17.917183318441403 3.1582041823259432
20.848505194888503 2.9447992083591035
21.984131983144152 2.8012200121253183
22.7488499095341 2.8034846635106274
23.653403956045622 2.9440346558836383
26.436714680988416 3.1823099577018024
27.35379486016791 2.929840220509541
30.050201854178795 3.206582946007521
31.775631787554858 2.8969679004951874
30.386961882634296 3.3895974386776446
31.067140322205432 2.97684137540287
32.99578338242259 2.986535889486904
34.03672489163637 2.9456800186009726
36.777976996374946 2.813699157318527
36.31381931290525 2.9417303450906673
27.486171296279736 2.9289002301945306
28.95285304966137 3.7184085476492856
23.585801475536073 3.1223938276087373
24.850699635161618 3.1226147916467126
26.009429553080736 3.853965773594367
24.923344422366426 2.8848744929079584
25.303895897500524 2.9765224116618856
28.919887575623306 4.136601647425531
29.528776427471485 4.001486798146675
17.69344734596416 3.0477544598728885
20.357813804439957 3.2101407503444355
21.8601601332482 2.981788085790122
17.73585670675834 3.5749152322818443
16.381307833057008 3.002792959067369
18.837701855022942 2.9800561858189383
20.315304287644494 2.933274544646148
22.077108298690973 2.802849130762666
23.17469864085706 2.8113204383252786
25.56857517226058 3.4067481604106566
19.790144705130842 3.8687763369393475
20.912175594425435 2.8868590109092613
15.05224947027068 3.2101167070340613
18.225104930936595 3.2065532244444257
19.252158350974696 2.860449972753534
22.07339404649042 2.828927148367876
21.31121158026076 3.3849428365707688
23.59075970789445 2.9673019830748246
23.217726595208433 2.9706061397456223
25.22463683789124 3.492450531291456
27.613749496285664 4.667402798326673
29.131300815969325 3.213577687715231
30.381161854219272 2.9527260310342687
33.98370572944077 4.3089228638116195
34.99922829965203 2.8086715040641685
37.36943430826591 2.933255698232621
39.14205740185139 3.0296941943452906
40.5903065785385 3.0109615477736233
40.86861888748308 3.672611981838301
42.48160649683973 2.820077032032375
39.90359194508369 3.0234807115014184
40.53930196330816 2.8137769053979143
42.55390746492776 3.726343092033666
43.88225944168062 2.8110647171945717
42.64768653335909 3.245859527681869
46.003752992852924 3.639893700659237
46.310085338385306 2.902662385112057
41.91739795710237 2.9511731983986222
43.55500529103051 3.4611763823054233
39.048205119605655 3.69848564461017
40.58465760523086 2.8214989598714917
34.03855673483986 2.921605951110077
36.11143186781737 3.671818713083006
37.53502884850445 2.8976569045403013
39.27711007130233 3.9883330812763704
41.632839309166684 2.8994201133692044
44.409488787997816 3.5839979768270966
44.74409265130407 3.7267280174967885
40.623870687328235 3.323611263053895
35.868299311545115 3.0426524750211335
34.38905915267537 2.9086627865163637
37.51466855850731 3.2540726947607124
35.9758034781305 3.0439285882252585
35.30223141668603 2.896691677610986
37.092104640169055 2.829895186510273
38.8383710031876 3.4150797596273597
41.14007799934893 3.0773268695008276
39.556044043486054 2.8813975197474493
41.29014971622064 3.0169255991889234
39.500106407742805 5.096857853379904
28.10472289892664 2.8882552032918936
27.953036346565113 3.2549560953863974
29.353795269526472 2.9595873372034474
27.504948159978312 3.228083726436696
27.583140614221293 3.209771741444177
28.519682245435433 3.0965076251315087
30.060113848484207 2.921221593320562
28.128326978177256 3.794061757636353
28.170051363105358 2.8280321262037877
34.40841692049298 3.3741904916145504
21.48548702215612 2.8857433957903296
18.419973909517466 3.6472752272163946
20.065738295910478 2.892817347215846
20.997976189348265 2.96332281524194
19.661274126375247 3.408028238424122
22.418427348202158 3.0101062479403606
18.7451662646356 3.108040383130507
18.94067136136823 2.917140139037596
20.457477773562232 3.0920615257092194
23.237943934794203 2.9672701060668065
16.039668733965982 3.4010141092968094
3.8150602154089484 3.8150077934630215
3.1485705508368937 3.1485192799928305
6.159144766862937 3.01519821125791
8.775836749617838 3.0337962999296177
6.407233762389296 3.324802338555478
7.870473194533133 3.828469880966603
9.959904497285606 3.0643100551282996
5.52459066811889 2.8568377022501665
6.731254560384741 4.114894897619532
9.57173103292871 2.945168850102372
11.891063294727473 3.0674933689020083
13.730170043727412 3.1565230329601537
3.111583438954767 3.1115469207740145
3.864031194703557 3.8639515556921866
3.6474758273750467 3.6473859509434012
3.3579427524427956 3.3578961848584457
3.9637605119114596 3.9636934690879837
3.384854311078925 3.3847620617741323
6.301418453409042 3.445431393025231
9.791360487107795 3.514899797223475
9.4864284280211 2.8339824545951746
12.137940264616873 3.2009776760147304
11.993036606099395 3.3450933193027277
15.299130793286395 3.0480702303426765
15.201225828371207 3.037878997383046
17.87075685297873 3.0195499251675435
20.192843511720184 3.645519372568767
21.609004046386872 2.9545650679556443
23.85463451677424 2.824136978636976
16.971856534346898 3.118721593081836
16.095967528596702 2.804159259663487
12.59129950731949 3.6857956427689356
13.23282728227241 3.019521915212624
12.184835336271362 2.877182178457086
11.156679429919222 2.9576702350571535
3.414964351076378 3.4148672899545334
3.1034212530378227 3.1033946813565407
2.9291657645153464 2.9291494633909343
2.979001762303824 2.97890437994634
4.4866166849080855 3.142263560851805
2.9954819925574157 2.995450245516865
3.0757426559730447 3.0756575702385915
3.087519291537774 3.0874525662048593
3.056402234837151 3.0563215209766024
6.044813058429327 3.6497473431182583
10.645986973199342 3.111063523470764
11.378380726913292 3.0028047072967623
11.853829449414206 2.997105797021061
13.016720839830441 3.82984219937602
14.196333098484047 3.2866534793818434
16.97958984300999 2.9096553290002625
17.146709823855872 3.0446431521711417
16.991170790178103 3.694463350664746
15.283479204074865 2.822777277516318
18.071239509910356 2.9255385959286837
18.57609950265214 2.846822799610698
18.111853898997197 2.956779623102887
20.662572691374407 3.255809572388753
17.258503061441843 3.5540628998991064
15.975382427203385 2.878777685109718
16.83181118723951 3.399991000037305
18.345729751954195 3.100578516242211
18.276251337588747 2.922689797341902
20.96083909169988 3.1391121635342367
19.189685783853292 2.957468269554161
25.38761591578441 8.548641512346503
28.00353964051169 2.8458416647320544
28.66235891749284 2.904263937671253
30.365305256361808 3.1867145912724877
25.573997205488695 3.0827309522066284
21.352051861153996 2.9708384134447794
16.57780198779642 3.9291692904513864
7.96279047028338 3.1441560956498806
6.172200676855709 2.8967878410505503
8.849685721206015 2.9165374538383997
4.876848825913612 2.865996856900562
5.982107584889945 3.502638328918694
4.44319432246084 3.0815932147353755
3.810415472380555 3.102951807961667
4.341284947268832 3.2030482480341727
6.50542934562236 3.6518042018625043
2.9303890325595603 2.930301956364184
4.516710029167143 4.516687988086645
3.144436372445398 3.144370770136915
3.182228362516753 3.182201297474776
6.063690768689867 2.92549391749861
7.213164451929515 3.104193477732722
2.9281634688009035 2.9280733074875505
3.4949837815056526 3.4949074515681917
7.403430198230581 3.3996284446477194
4.276382131509081 3.3414653243771
2.9449012157647303 2.9448204021841313
3.827440267908969 3.827418320651576
5.930018910142508 2.8730320184321103
6.768264667092581 3.8295289965599957
3.1223976593964835 3.1223011215115344
3.6816404326775682 3.2929203885240015
7.07216368151262 3.9827272603241948
3.9986507332303063 2.8507751155965284
2.970873447542317 2.860660701716553
5.735221607712447 3.0525549024317407
6.012479492264447 3.1322281268986196
7.302428101056421 2.8421794481832876
10.365601528663774 3.083586801989846
3.0896276136929828 3.089574093886363
4.429132489578251 2.8144482776386535
2.959454625514354 2.9593650090830983
5.106021619674493 3.7821847884165267
5.053905784118115 3.364309945126331
4.997859236390468 2.8446467771860755
6.861621320741733 3.078646919178345
8.823667130332069 4.423205894814859
9.509365956199417 2.9807003292104524
3.8729672235770067 3.8729357801654114
2.9995459538938576 2.9994856122020432
2.9573946445962065 2.9573189853207964
6.739013258801833 4.247538399550923
2.9642680484569155 2.9642459622408746
5.436620036514114 3.3196852024337957
7.355430393406095 2.9561070249870025
9.36790556106439 3.1521762120640826
6.300851825179279 3.1140007681346
9.745938144105594 3.628538707256913
12.704859234966534 3.089087590569108
14.558122351457996 3.2191054400952805
14.326996979071737 2.9316603714204406
16.019749572014234 3.326282283682025
14.706334317237634 2.902243412619779
13.199629673570598 3.091214163811935
16.59234119648022 3.451707861812229
23.37041274828698 4.11815386675452
23.888903983031696 2.8114414039466302
25.369808844496674 2.8019146230898544
22.327030622630673 2.930477057645319
24.238571851397637 3.861469710169164
25.53639617001386 3.98869697828483
26.985713343534144 2.9775202604134527
28.551566657644116 3.1223574069377538
25.26049884231884 3.152827664201939
23.006973761788913 2.891642756377197
11.923069338671212 3.1531084244764256
2.844144964233692 2.8440504923134178
3.743487393261603 3.743426806272945
3.066361499249524 3.0662634601681353
4.352804539904355 4.35278051082447
3.2231704338587406 3.2231048902895414
3.8049993371587334 2.80761309628953
2.8268758008562145 2.8268097499276132
5.763051616935627 2.955573897458634
8.461870187378281 2.9064154863396925
7.450510567183301 2.9470427057163535
6.881785770935039 2.9390447930337595
7.92705798476527 3.2887376816514453
9.676550413234054 3.5659103403155656
10.07678849935246 3.4711616304838424
6.084851900830927 3.360725919120995
7.670107627156085 3.1338653406037578
8.525958236255065 3.3915526291456404
10.335511637130821 3.082938121555392
3.96363712727225 3.9635393567439903
3.486879877858428 3.486828660583823
5.328379809525359 3.100555125716605
7.128287659986654 3.5526570368661297
6.611359577280837 4.123465597315886
9.440548667098028 3.0642219973505536
10.799368007533758 2.877638051319801
14.450070484028402 3.9752147193692084
17.360700846934378 3.27533827090539
20.214066736381483 3.15599854736409
22.408399368014216 2.8464949749681168
17.144183088874343 3.3680563524932055
20.429199302664074 3.3942639264918366
22.39241145991673 3.3792100202933892
24.94932699422634 2.8328168694947826
24.106553980172066 4.085023384928785
25.0840331436184 3.2625908821592096
16.46733535625617 3.3091706722539365
14.712319167402256 2.96673560393512
15.622858387067026 2.9448315386144897
10.76151882588556 2.8381606181673784
8.970826374855733 3.5327961100464043
7.6232874438046565 2.9120947178235426
8.437455119383685 3.335602050898669
12.170259643686222 4.207636340002915
10.352426326335262 2.9024855675177443
11.608455088020037 2.949568182779842
11.140854912025134 3.7001918681474386
9.494454530944495 3.2170697322245414
11.919803615294313 2.808171743938336
16.60052069533731 4.956899556569285
17.496871860362262 2.9886441534920465
20.091404337754284 3.057929255163646
14.195556859094722 2.9631334193706094
13.633683044533882 3.01019911596672
13.416266247581916 2.91938792932905
16.26416809817829 3.1332959028033427
16.604930971331214 3.100453373977585
19.498901014946114 3.5752669834017974
11.44738253848891 3.585245885155001
15.542553806097658 3.302049766742072
12.609551010034465 2.8780303812186085
14.917267175826055 4.310351924256515
15.12906774463363 3.8460773382318116
17.8463488541679 3.024173605863611
20.55616075915168 2.8087808660902565
22.691574371296156 2.816365074824837
19.456018516640597 2.842823929724667
19.179621338411835 2.9680822055649854
15.656630289532131 3.2569446239843662
15.937094702025206 3.0143945149449674
19.0534444536288 3.3613953467085045
15.16086505868816 3.1350969379758227
15.914647692346534 3.7530445856574586
18.028921604727657 2.9796812349537065
19.96094882272382 2.8568319290171877
17.481768484444274 3.239614280416633
18.585600158713532 3.237590964934544
16.58939597698054 3.053566593949329
13.211533803378188 3.0126077276300625
15.348422865882185 4.152633671896595
14.12996293072274 2.870198043960884
19.990221645909514 2.888673815099725
21.435295671318272 2.860374679878196
18.63090287139312 3.1239581782776686
20.004656649509343 3.164554178025258
19.104856244535767 2.9836980359995
21.469627375774962 3.241896655428525
21.394985133621503 2.8896227789492723
19.50400360708545 3.006410502026278
18.225416818320355 3.0112418103334075
19.792678074847572 3.0312644094637786
19.36423265654321 2.921396974232698
19.37278718881589 3.081940326253208
19.235981236425232 2.9647372471142224
25.88130474669424 3.5781690549507688
26.368244711478837 3.2610317555295
24.138748089018463 2.964465300609876
23.61237598429534 2.8344071086289104
13.529450128573899 2.943463182057103
15.813726436350407 3.2182706843041355
16.04141119965152 3.009751610972387
13.683141286434875 3.3033460132860384
12.502350323477458 2.905798029434202
12.045967368600031 2.8425122219163246
14.889877745009017 4.076824634632712
12.260501675592423 3.1935002431384545
13.538541111089216 3.0604299242843673
13.249335459707709 2.9334151468673006
16.037128305344595 3.615396560114955
14.401299122954242 3.2271769245706374
12.54621877962063 3.131488977460715
15.261101610021797 3.7012828650335474
17.90576718202192 3.1997711812313936
17.817816787155152 2.9018214931719357
18.988887274143508 3.1826595784445666
16.378296115639387 3.7652701189929525
18.474968489688763 2.853788153691282
18.712403064791488 3.7489651585757384
18.243370188178233 2.8508396828648985
18.917180127552 3.0419229589656807
21.468592033088044 3.0702425065227805
23.12667463274829 3.147416185629803
23.224329418944308 3.3848879440218145
15.46356989162723 3.8627943244971785
11.00842762911634 3.51047372590108
10.544834743453976 2.9911957064123933
13.683972093763714 3.1782143631352913
15.493393849039876 3.16148574912543
11.211231662196951 3.289523136791149
13.642183408465826 3.0319913364783524
16.391480303111166 3.423523609181401
19.086527358957483 2.832545088530875
20.53520469892328 2.8821478234705187
22.115633600140427 3.4126290207322665
21.75558340949192 2.820784508063307
22.769501391790982 3.2418649664698638
21.238176932802162 3.126346913333836
15.596104477320296 3.08155382178411
16.75645262152966 2.8384050976694017
19.573081167292912 2.954759024670284
21.82098300062671 3.002936409088525
21.846335354212442 2.9523181943574968
18.584851158311267 3.0869365228798378
12.056228161648505 3.3111034552370477
4.78496829880396 3.093731983409988
10.35215612901311 3.216822935322899
3.4971880494363177 3.09566913929016
3.1279569939215435 3.127901894694799
6.0694533236310235 3.112193293861017
5.67056524765303 2.942855862171401
7.366671232792214 3.10430846539956
9.416550348642431 3.2561870361414194
12.144821293430141 3.374502459604786
12.819043772280565 3.382228861228736
18.967676276080056 3.2891615655123907
18.358313976739737 3.7367668974042116
21.937298391285367 3.652926041502027
22.916078679906605 2.916222425108107
17.55336672982321 3.6207014358353957
17.276764994073346 2.9759824038293083
16.52585213073553 3.4272706477750012
16.17253819155667 2.916191134102643
15.520824385350352 3.210650110908012
18.17441240560538 3.3180859452325766
16.20795437999959 4.014563332597668
17.308149905974915 3.1072705983963758
14.275279648714331 3.4524194609283727
13.972536111211411 3.0947661767019246
16.584335290660874 3.142686234298119
15.939791818711 2.978431908150013
2.8564779094654114 2.856389569023288
4.61087975981809 2.8694501079375776
2.804291452725465 2.804216513904544
2.9082725165326337 2.9081865133100684
2.803396413880364 2.803338034975414
5.498631759956879 3.1314181228217093
3.2884416460092325 3.288352077253071
5.826715617107311 3.256747152001455
2.8631526348058287 2.863062910450666
3.272217557298518 3.2721577884914472
6.380071979357126 3.6712833592341223
7.019918899883578 3.0263048022316967
10.135147222585601 3.256212972034552
10.382700028053478 3.4457650548606504
10.744168850765163 3.4404850076062834
11.206776455423551 3.1002371070280734
2.843132260233233 2.8431022357012177
2.834203912144858 2.8341147998172427
2.9274820114696922 2.92739839572965
3.319045987597292 3.3189987403137713
5.566450743818223 2.9045986080355415
5.97433531952629 3.60745705971944
7.086669438422177 3.0063021767357507
6.107728792461785 3.0955532974907047
8.11435506693988 2.990228535270079
10.345948496169513 3.1440307582702602
9.303783320687671 2.9568140736420294
8.901932072593809 3.0604850111480406
11.12975823396846 3.1614050643783846
8.700950648461003 2.806068355253523
8.22481291104532 3.0170354043684178
10.435922958543415 3.9508545450596486
11.424419040312841 3.2595652103863264
11.436721821430183 3.1174404109798735
8.145584184452673 3.118494601489087
10.358099796670558 2.94188518985288
12.82605117690764 3.057515711187876
14.957271861407207 3.2504774904845766
16.24988398023197 3.254216647143322
18.761338137139774 2.9055359639042306
18.355443636311065 3.874130955257825
19.247830589043588 2.806666012469638
12.943864533126998 3.4684205359852016
12.969332459202633 3.28681193694423
12.33305597930621 4.195950543912103
15.035006936578611 3.002751340641419
12.858296964721376 3.0742503652009154
14.514071320360472 3.2854962945004185
17.400993976397785 3.1181320344496903
11.616954911442463 2.9695847514918925
12.539707217456453 2.8595354696441175
7.286169159028304 2.9917257799066195
2.843245103310437 2.8431564160883847
5.364725146996534 2.845207064150982
5.34562515438347 3.308204522937374
2.833346290814916 2.833262116386472
3.3277977967745755 3.0277347195446342
5.302261738468587 2.8084196445818987
2.9196380211797077 2.9195787482126407
3.91024944036144 2.849264290996916
3.2103371360981328 3.2102638462375293
7.22631475792241 3.1785537644071926
3.277366047920168 3.2773122326546735
3.3081538393603296 2.9988112439741395
5.550243693115135 3.0178267394595792
9.228154225860635 2.9598593360676224
11.91646765613632 2.9272486775417237
11.363771989740599 2.8361983228674403
4.96221775158665 3.2199660212192893
3.309632323093865 3.3096162071353716
5.374753443736154 3.117717955145593
7.835389700094311 2.816781675103418
13.026715766914549 2.8305287356529303
4.506604800369587 3.0683488010326667
2.834263576785361 2.834237369088978
3.061158055211763 3.06115399440628
3.829228082220652 2.819205995004332
2.8559041535800134 2.8371023417757772
2.9450312326475796 2.9449826442445475
5.290452140027355 2.822976885627602
5.089824530932219 3.127017892942374
5.6723149270465 3.092899964141212
5.138696358052584 3.112328420902428
7.071766160443985 3.1100236980244107
9.953994409788265 3.3707259773690277
12.179317273436027 2.8153158672594647
13.639917354055797 3.186124986572493
2.9605297177672583 2.960511920987807
4.716913248966648 2.931917185915538
6.36090721329947 2.9299194095947785
9.030927325534321 2.9772056296474094
9.305529850887524 3.192401659732791
5.9682944010887695 3.525312236904206
2.9496988050896107 2.9496890156765048
5.580597574600688 2.8156670051950536
3.30558631839358 3.3055698837467706
3.1884486675917287 3.1883668934660276
4.303474155314689 2.8713788742831308
3.195809040324093 3.195738801962154
5.795007650179286 2.9055692299319076
8.988709929532888 3.241256349279618
11.672351871990486 3.122484629591678
11.174456242640645 2.9505239334599036
13.555900340046264 3.2982742109510896
7.596360970747355 3.378247407248771
7.211580297383989 3.479722445205444
5.421704161307844 3.3683020849829006
6.51926189587266 3.537755903626408
8.36274456008914 3.0893805562302092
2.967662454963829 2.93838157433722
3.3541139499220662 3.35404208132298
3.831141907714027 3.8134679899876005
4.214254725093269 2.9898080991695424
6.603107484255361 3.246060040602697
4.898072099752881 2.8080023629783777
7.44504456635832 3.506163777136732
2.8235453853194485 2.8235272405887097
6.036892791916671 2.8936168296377724
5.161179905486279 3.6750787104915195
4.628248572604662 4.345608734625867
7.62603978287143 4.361360242594953
8.615457228177092 3.2936053187787993
9.603992738383567 3.105318028102413
11.608683428671156 2.9713368470554657
9.220359338620256 3.741131496274338
7.261313861493363 3.4691905787502586
9.82494789962675 3.2236023353540375
9.238252768459006 3.4771705567947113
12.016702448941487 3.252739390124241
6.873049717791673 3.245445695281732
2.8502121838519088 2.8501873987710358
4.028154432982319 4.028114701447718
9.033471913853191 5.190814371375375
9.333404875192628 3.020390402076871
6.707425167122892 2.860015459052571
5.7281496343048275 2.884635481842974
8.671743091382723 2.9618950504077324
10.242176914585798 3.1333760746290804
12.545921233253466 2.9623168174260166
14.556475615175259 2.860965656489771
17.507449894724687 3.269775424436757
19.44383124164233 3.2627529795005596
3.91726618581788 3.917227037350976
5.030181758593699 2.829008755463734
2.980370282524291 2.980271048327946
3.830528934247468 3.1365678958865724
3.380594403937266 3.3805763949246987
3.862972914484544 3.1612367240751844
5.284868210445438 2.9299433787298983
6.915511549026633 3.022813055922067
7.740733322995766 3.0501494907185767
10.561046037346841 3.933848833586487
9.259025552035837 3.0835756280889894
12.52029331094036 3.301722913675579
12.902395364490076 2.905859188852196
6.186796058319942 4.14559100428177
3.1482785492335097 3.1482066359318495
6.615346390638479 3.0735497305524895
9.05340173987588 2.9192547136813913
10.3109878795035 3.777196733688451
13.028813815075864 3.406113429107726
16.44497028171054 3.7011300428569966
16.491897835180225 2.9564814867501004
19.553439717924448 3.159590222028404
21.126790092569536 3.3949273674443323
21.882657226190076 3.066634883155186
21.776933820887734 2.8811170475200534
21.143272136584073 3.1710121352632683
19.940724839492304 2.9925135272252543
6.646694578066672 2.8669544171592904
7.158994461170096 3.0398186703903103
9.115058367049642 2.8042307389216634
8.852840986678984 3.0112995332506465
13.476573572225789 2.8552491868436185
14.394745055902149 3.523370615461632
14.507502480069434 2.8379819175555787
15.706859755988262 3.3903497626482073
17.298154236388655 4.128882927561968
18.13693336884171 2.893023970391528
11.213372440281546 2.8944976196354557
13.76624871206559 2.9676746404661385
13.439804176713551 3.5280774559328587
12.68887727802803 4.055078656010881
11.99853548588544 3.403521970775378
4.531603485285359 3.0267472773172006
4.531335344891431 2.952229416568827
2.868392617616337 2.8683582266405296
5.076780457352925 3.60195875290132
4.729656156886449 2.8028400403581077
6.145964112380625 3.6958956891235406
7.294747815969004 2.922969440008673
10.063353969188938 3.0683094512898132
7.157593435494164 3.2401369961572057
2.9371187840183666 2.937045310263715
2.8993058961523275 2.8992566133740416
4.462867084580012 3.221689008901992
3.8509770951432074 3.2950619037642292
6.219181667151133 3.0022148279004486
3.307210943150949 3.307128410290284
4.873371539653363 2.9598270608097987
4.813648764620211 2.8166842892158788
4.084211468977628 3.3816970541298943
3.2534570925654407 3.2533746413126243
4.75322267056481 3.008090323949434
3.3360027689800518 3.33592299186072
3.6574760962957953 2.8497242073957434
2.823574992428803 2.8235559747902816
3.2429964763027783 3.2429631476261376
4.8055255470985685 2.827573716072516
7.03118234869271 2.827840064151412
2.9466664814262913 2.9465936212344723
3.3374446029183673 3.3374062184177506
4.196736490783223 2.8474205603401033
6.495398264888536 3.461874977570593
3.3964946253681774 3.3964413929068593
5.703420668249237 2.899824753089591
6.878020835813004 2.915662577455781
4.898447872003999 4.848432881421054
4.897277099177245 3.572899540477298
5.9203048762287835 2.863258659271214
2.915520514590753 2.915427242727108
6.875758491366469 4.015101079043141
8.385880963646287 2.8855751444273756
10.808042123584528 3.5891567619798086
11.621717319311756 2.9566966384451434
11.736977208528515 3.1492110381582705
15.093182356672969 3.032457014759814
18.01840529995252 2.946866615890184
21.948043738627803 3.9462309150468826
24.418152792483397 3.074403891747592
17.97744083263251 2.958186250659064
17.691998269430314 3.4811446437226263
18.676907277766986 2.9682002758675505
18.02541689684449 4.8422074340391665
20.657095885926537 3.2376765990268166
23.337099953484085 2.882870028451839
14.31533190921391 3.277535107641617
15.561314353145463 2.8198561026931253
15.24324560192099 2.8936195658465684
16.3944966434633 3.4582166930370226
14.420615993557476 2.869549498524438
12.843057263111405 3.0510703505214525
14.738210954439182 3.0240397389141336
14.232927611767536 2.948172756031812
8.953847186066923 3.0830619686453735
9.60522628523995 3.496430352356228
9.680784983551348 2.876546266055185
3.897304309040919 2.899900427114988
6.570094130619054 2.982192176560926
7.52134311171767 3.010816313493887
6.980346474789258 3.3189479625174676
3.0986618309034384 3.098630355090841
6.321677166676636 3.2462283314782274
9.464301150067058 3.678738532902101
5.806949784099743 2.920880568518022
3.7159912837291813 2.899652423718737
5.52597290544054 3.504232248189962
5.100527617030821 3.002253612572298
2.9666390057009266 2.9666302533404028
4.500794284557742 2.9723076240145816
2.899403591726241 2.899322109038939
2.8210139043003437 2.8209994895532473
5.695809351132084 2.9474157543412147
5.603756613648329 2.926238864528004
5.477483261804991 3.0292177453197415
3.7143378522068815 3.714320684477868
7.176623682959871 4.190546167468756
6.164045426797202 3.0310300863453925
3.3312664313325513 3.331229594003752
4.156998101253066 3.059823707317258
3.652865925601418 3.2472799126799683
2.9318587911416216 2.931847760659675
5.318391175564102 3.161103779491616
6.854841512049916 2.8313076447140095
3.749500611143958 3.749441535451094
4.900232198534923 2.92933659184729
6.098859776896916 3.199543614052566
3.1648646579496926 3.059603384572016
5.916782701494412 3.141092136924774
7.901783294168581 3.944855860479426
10.423575387949768 3.1317705332971175
14.341676652849856 2.9888687285914437
16.614166588941316 2.98614777340367
14.462828951276151 2.8158067942252525
16.47636540408803 4.848271323524978
17.667646648831123 2.8488830503423705
20.88314722776522 4.043214965702776
17.48219112405468 2.903945273572236
21.792510035654686 3.4028756636557467
15.240588904667675 3.4204020317608466
17.08813089105979 3.7826743937414586
4.157982503718358 3.2691599829740876
2.977855247774187 2.977834315809208
3.188946374801617 3.188943919933625
3.1923076030657285 3.1923006531086844
3.876613281169739 2.846613643918709
6.229290010137902 4.164866081274386
7.146394779761067 3.2465470786432653
9.243386889239446 2.840181356499054
11.511535708099018 3.024521575902196
12.85561848200723 2.804847316005951
14.761932971839087 3.0697320776121053
17.204303754494504 2.9404486480890726
18.607063555093646 2.959192986108682
19.836283864348843 2.8882609000020127
18.109729345729647 4.058609023495021
10.991136391969576 3.0772775925039655
3.223205612609945 3.223142781675377
3.855239957698359 2.880231282936413
5.390217606956867 2.970050353760631
3.044233367034394 3.0441780055969327
4.089268228896344 4.089265267045361
4.973416705683121 3.2338886853491395
3.526293349424577 3.526267139712635
3.400942334399133 2.8143804725740798
2.8660769208586316 2.8660529358705964
2.908479508315395 2.908475408237733
5.129111309177915 2.954866924212343
4.856583679519645 4.200452875738587
8.23999599883382 3.5013111316246213
5.251972580671918 2.885080777560845
7.838100658642361 2.921266293935091
8.390787772572821 2.9370130305129654
4.002669622342182 2.808810373701334
6.065475335532028 3.2624166163498565
2.9894511869401867 2.989353131661316
5.480340357019486 2.9194653328491236
8.640477995694255 3.6290363632208655
8.968260326971631 2.9329784615432555
7.322622967172265 2.808953143479385
6.286121348530287 4.066624857880015
3.6541715335752087 3.6541529167137234
6.149125870319949 2.9227574051607816
4.010930957056189 2.8387978558313978
4.88175718534967 3.0950143092058657
5.880325758859726 5.880288534532303
5.971757542904925 3.2563301847417776
3.212350730908838 3.21235060931131
4.353820359830024 3.1864785351034057
5.714025978209065 3.0823906143608917
3.821078553107327 3.821028562728347
3.2044466645247667 3.2044407643099326
6.233418877031909 3.1158698399867015
3.0763404374629317 3.076309071109201
2.9294716855356455 2.929401739575247
3.6010391784520834 3.6010384595061202
6.121929465495668 2.804035180021024
5.630116595645632 5.6300740043336726
4.112109768339906 3.0755654254512166
3.4459060778090134 3.445818718361349
3.1929625535985906 3.1929580805087974
2.946695881890264 2.946597234956245
5.831851460082362 3.2150154290658377
4.366240793000543 2.8502734183918035
7.184265605925248 3.319484360750087
2.8260813183851496 2.8260641072236172
2.903510543446828 2.9034484950832455
6.181616982684318 3.504584801075163
9.3034138183084 3.1781317370686892
10.88749463860313 3.14052412667559
11.066611823857784 3.2560131136162465
10.186249291748027 3.7184685471828733
2.825920952222077 2.825877235398215
3.67320656532047 3.0805264028316466
3.584579124688389 3.533501594275244
3.7160376166602873 3.7160254682615284
3.1196851228842206 3.1196324146148613
3.6584602660623204 2.877150556421188
5.55143213095289 3.4660710532478722
9.934120412718585 5.025700312185547
8.408123647364846 3.325538327398921
4.475757558665464 3.1188148223993495
3.303706913565293 3.30369755208857
5.123689227462819 2.8394855714042317
3.555600167727789 3.5555658345672967
4.466228883920849 3.1702913257710916
3.7080969604112397 3.260623273620405
7.273827750473174 2.9558141618783824
8.74263011075891 3.5459790361020604
6.697186224005236 3.0617271447158556
6.4527916589095184 2.980024008758206
3.0731747336203625 3.073119090948077
3.1822708787085503 3.182182341378335
3.100164105935619 2.818320267429323
6.307780217082836 3.9235563833905096
8.802861595793729 3.140167898567517
6.640480995577491 3.0260913512647694
7.7128348538881255 3.5836556653785667
10.327014471044095 4.428299197443241
4.406001450774966 2.8697623778745713
3.97033592871594 3.1377637662175455
5.436935472585901 3.0353442079608253
3.207595762568417 3.207532027796347
5.166064181406 3.744921131419082
7.971980467435969 2.9218481680691504
6.864288385118925 3.2530850679063317
7.541001359336406 2.805566518102565
10.50362228897393 4.6834978335151485
2.8087313607493343 2.808729219177976
2.819961313679414 2.819868632283047
2.9326713716127415 2.932584955423117
6.685662947692435 3.06565738100408
5.530647726323878 2.9876589244608134
7.536391886717865 2.8176357079443797
9.641495262393619 2.8554899566396683
15.144598296562435 2.8368951075725803
16.38806811673021 2.877144299080297
16.18040002962516 3.242488167883111
15.032931594920228 3.611252889701742
7.386361781938831 3.1487432445260835
6.582463053799984 3.967468688063702
10.028953590296624 3.903582791911742
11.988501514402742 2.8537744992479825
9.196989760162978 3.1263637377345423
9.577085436557354 3.0346821173690945
9.520744858044964 2.991347061334466
9.90578931120126 2.804693011120785
8.739210479969188 3.2204183781835556
8.299472087747745 2.883291469920379
10.035618913389953 3.2633861538559112
7.041757095428693 2.989847290621607
8.933477564203713 3.2570584780694833
10.207191524412337 3.2907340062866632
12.423599919404296 2.8044111150589557
10.550699508906291 2.8953203409465846
9.864561881443478 3.03409213349501
11.376599292523679 3.4747833850693453
6.631498926669337 3.352334426200011
7.120235058981052 3.025539416476968
10.564903259204584 3.6128021993740655
12.898008576791653 2.955909069601347
15.211288960145794 2.816185795569467
11.598614643614383 2.8958955011605614
4.1878397393120395 3.2293229166631097
6.497709926862626 3.0759152551081668
2.8539274666391066 2.853855573526128
5.1345822891644275 5.134505039880324
8.55445070233418 3.9036077599233696
10.246599432329276 3.73601735569593
10.332528135745633 3.080146912258129
11.4892559119844 2.8567878901565074
5.254596561874678 5.254550713556883
7.8942694707739065 3.292190635444336
10.612437409919949 2.853362992505792
5.807226170492868 2.941100681486399
5.280466595807411 3.411989180152435
3.7224010364816422 2.8736806394942755
7.232786640267477 3.30271975202417
9.43821155049227 3.7570994323878213
8.851152791131426 2.879846679505506
8.917280920815756 3.094513467764077
7.823322935836586 2.915300792474495
8.363146526656237 2.8736867000637116
3.6648666133914958 3.4434368531917148
6.609164536094795 3.105190286029025
5.02014778944249 3.011343272196568
6.999100383255609 3.359949995635799
6.914660738974817 3.197709540142579
3.0598431821699705 3.059746017951071
5.472368122097578 3.30494457923573
3.9657593966740023 3.7349876281488616
4.376605916198969 2.864506935818539
3.952570497832312 3.2411601531731518
2.874724197951764 2.8746391239899984
4.161585333295079 2.889415349181223
6.41697825776464 2.9253593743861988
5.4225104036477205 3.406388820420898
8.215036998775759 2.9035070540549155
4.014880767804243 3.5826640881082388
3.387321680700552 3.3873046657483536
3.5111297378634845 3.5110548123441605
2.9144005935168025 2.9143258585036667
3.479581690247869 3.1976838597600303
3.075945911360577 3.0759170266196816
5.310672408130813 2.93571244360024
8.74679632227162 4.066737368359827
8.34879682564133 3.4884644284153525
7.716908401038381 3.3485123710514757
10.608898440323173 3.1675127875356277
3.0079724122633706 3.00795972358021
5.98447235103049 3.230797707758118
6.421125675561598 3.007061130360196
9.054947389754489 3.0531109314951053
10.743523563758572 3.0661929510819976
7.5402239474015005 2.962071662544092
9.227828167270673 3.4310657006565046
8.894175357249878 3.0601937188053423
11.92838375754036 3.2260612109214506
9.847194149946517 2.895182105058813
8.345888753763575 3.102404113918995
8.332943266203074 2.9977438713366586
10.559421956087135 2.9572036023460115
12.896335623750929 3.23537070749066
11.101429723767069 3.0659125821496054
9.92842822485818 3.4843838919431107
12.028356570869619 2.949096201918038
6.990884360021482 3.112311955511026
9.319182451408778 3.0994585653325006
10.40451130395013 3.049458559136973
12.65703826092522 2.972895363521318
2.9642040325816197 2.964166494059678
4.085265915475247 2.9579357809061904
5.9373837058028585 3.195518173305976
7.786163679760648 3.200494490091281
6.266289662036797 3.634919786615597
9.257522089429585 4.1448578831942475
10.483068694516078 2.8662614098491055
8.068057763332945 3.476200539323856
5.436612746442734 2.8255199295807314
7.47135171269656 3.8333070812043575
9.029594453018035 3.328075675774586
9.289749973287144 4.535924366207725
12.461285924197 5.114657151319394
15.557263616701675 3.2707747877062534
17.645498992175817 2.9286626496580808
18.032663339810824 2.834935953267164
18.403291559257923 3.115226137427406
10.532044272489657 3.3330437571777374
7.476228579355848 3.0892793175110254
8.654202714275016 3.0593607218500525
5.066487572301412 2.8292410529197443
2.969140676112147 2.9690918173977816
3.3038376550330213 3.3037667848742096
3.1022312663699267 3.1021799720114727
2.9279039475968602 2.9278417000814665
4.33772812951338 4.33767403621162
8.350618309178572 3.040279450533589
4.930433180456021 3.1764629092954397
2.825544581581198 2.8255218256176997
6.057863512336553 3.954184751092611
8.222336358358007 3.2650915168154464
2.972796693505188 2.9727645738767126
3.733107506829583 2.8361049844740327
2.9999316283538064 2.9998465192620096
2.8224862504775956 2.822388256045757
5.641982698060019 3.3951581992193063
3.7470885167695087 3.747060051078801
5.001860211980784 3.259435374662089
7.614556192506825 3.340982873891151
9.214644227012286 3.310773563553635
8.286742160819813 2.9477242763921168
8.800683015716459 2.8813863780738767
3.0939678520926464 3.093943009490894
8.00981426990711 5.375555813046073
2.814548934992672 2.8145111674038983
2.937419769288681 2.937417910420657
2.840945639727579 2.8408802027695472
2.8908747330997357 2.8907957406628597
3.0696360211595675 3.0695560722006214
5.1718486217559985 4.032172788419087
6.583776431888509 3.3515020822209918
9.35242887730692 2.9101723697946955
3.8924457136345154 2.88764904546949
4.468564793170117 4.468495477104675
6.229663785448793 6.2295792990350005
2.8580773117009812 2.8580313131807458
3.104786839459848 3.1047269700274254
3.299964020508014 3.0885419897162616
5.322582338685606 2.8558144657884705
7.388438196334391 2.8685486868888024
7.9403382302143655 3.8076174367541817
6.879045018770739 2.8803601091908377
10.8189843357477 4.696052274119856
13.835726623643495 3.108481704312539
15.657935882367383 3.1938322644065433
12.399862259003385 2.8246486813979845
3.8069973414485503 3.1203598622966195
5.061483909089475 3.997780977354481
6.251351730858005 3.1716745182653994
3.2350220714379248 2.8746087933866455
6.563174019813232 3.6111413045750083
8.08849702016414 4.1296871674977425
8.420502839136134 2.933138314118943
8.689217776701298 3.1602129365865554
10.379332226410952 2.9064919132562066
13.469062316610689 3.3596707803973245
12.322054636538269 2.8452135022609966
9.965647983945018 3.5489123227498247
12.830920589237394 3.2526346062187454
16.4260500130913 4.13031486719716
17.264018876043338 2.924104522826941
16.47900833967924 3.421302161615331
14.334852680663971 3.3723338694118095
15.063300438798251 3.230511267436632
17.293843270280377 3.7493773338956404
16.72409735204201 2.847642670125061
19.243102288880436 2.915296760888832
21.55124927844281 2.8450706267032033
21.82421034653271 2.850806753891928
19.69941159564405 3.337311968702032
23.470392596294914 4.108603634661452
23.484309968192974 3.4849241036156178
25.492353001667652 3.111863377600129
27.216566833288198 3.5460087156251614
18.254215899305564 3.1364273354880257
16.888626244362968 3.0617758224463856
19.06607120499939 3.367188667018386
18.755902567550038 3.792496110562889
17.245390756768757 3.1944729140695465
20.14289005403407 2.898432131366895
23.25074504713757 3.2457312365623867
17.32827222612559 4.197059951112129
14.960167143524814 3.572086534199258
18.79239311791298 3.2215308892753654
17.237153286692774 3.887374214644408
18.893592506420646 2.8958209157307584
16.405347234666806 2.8856381150239785
17.123313547996077 3.3142387134530855
15.310093797431364 3.1936660147464195
17.17800579908544 2.848031479875928
23.2642946352571 4.20716543736986
16.036146138199 2.8292177586266534
16.764581882820494 4.004181320103015
14.931833129260667 3.190332008289714
17.509677640563496 3.1387040453267496
17.31313388880244 2.8210553225993196
18.375945599644183 3.3116197462804444
13.431129869565666 3.029288892333126
10.029832738032383 3.446210917686323
5.845039766280024 4.188609632553715
7.261300370975732 3.0235911539992895
10.145775389608389 3.267385393373998
12.6004375876837 2.915036559242459
12.645100869421185 3.1750866934545354
12.619854309070433 3.0334329646549327
14.77576381731069 3.0464909840627246
14.248214254982486 3.0199849210744496
13.854355651449623 2.863022331626121
16.56324921693158 3.4562159931552716
19.375573847157284 4.214849201291345
22.04412360624883 3.142288124465473
23.347542123379753 4.506144256913616
24.57190248180177 3.8179427145855156
23.85276204551701 2.8483386412703067
26.525311240135125 3.6155731163884974
27.59056926689118 2.932849677482922
29.521542281406255 2.929500681483538
29.159741135602417 3.4263176163957603
14.221656382444962 2.8545681659831352
15.214448635960252 3.981670585053191
10.863209975570499 3.048004687017002
12.912780639634548 2.976974214136347
12.090712368750246 3.234829608105714
6.754515803145296 3.2986277582747405
8.065017889272895 3.5972305730140754
10.847789803234264 3.1290594074650513
12.185749704446607 2.9840336937006757
13.703671844570636 2.84591139873295
16.279756830286715 2.8699710714283775
17.448158170025636 2.8495081349310953
19.833050299126626 3.17958627189644
22.124820613903466 2.954939157341105
24.78698889849875 2.9162205646434027
28.252994616782416 3.300246054987278
30.782669392385287 3.1045039663332785
31.33544805559268 3.4700581899564336
34.182722727728105 2.868075859304388
34.41761462915201 2.968820828311795
37.23904164945725 3.070839651619979
26.081703068068236 3.512935133974291
29.607328207987848 3.534280496717359
27.776367810619377 2.9862505867314413
26.117186294979547 3.1220572264372257
24.51973693101354 3.1048589210354973
18.67534801353122 3.32066347242508
9.509100400075113 3.1452809087594593
12.349247793496943 3.1726518975400184
12.026427978764332 2.818216565270611
11.326156755379088 3.6411781920827
13.113141651670958 3.4309655352108788
16.711375157904513 3.0178978859038463
19.086902445160376 2.9509899035395306
21.95338865609483 3.0034680873745394
24.999450694131156 3.350021442578024
27.559048412193988 3.294840685006822
21.069608925990906 4.574526397429136
13.631001468741488 2.988869501965356
18.50018726597591 4.367110530043857
20.237049057078366 2.8687095476609876
21.38986937140635 3.409308677686422
21.95241407989306 4.047359657195361
8.462565944460039 3.3479811421163843
8.535315542352691 3.0384779847279564
9.722994279887644 2.9435450341332285
11.4754737011408 2.8645224239232228
2.834026892932343 2.83393370248292
2.842938392422184 2.842840644859105
5.680727236315761 3.1878595037417545
4.840065749047426 2.9299660031358905
7.408558880043529 3.305484536046353
6.312512116725884 2.9287441690732234
8.371723635144008 2.921635154028309
3.7296380519219383 3.7295826846916094
8.017962764950425 3.74677085624848
10.355917357705948 3.3494336680771437
12.688346941200507 2.935246232075947
9.994941776402811 2.845254619626672
12.433653599717218 2.865988961109635
13.814938006079501 2.8038149227886144
13.1020030607624 3.077350959997175
12.55554567310628 3.1456291704129797
16.10820779122332 3.2361900666150167
18.912429411401718 2.8822247523469473
13.645920005497828 2.9563738138148294
11.901239700619044 5.544369439368522
13.912577615821647 2.8888927704766734
13.405458325322797 2.9887624054147635
15.290858074707103 3.4494216912129323
15.138762954245976 4.52237751075338
16.130396224951255 2.854090892079563
12.95370443007414 3.1772694006176363
13.448962328082416 2.8961968807806757
14.015830412442483 2.8516986185659685
15.402934896853367 3.3002379818020695
13.69131052827288 2.928160870705858
14.809547646250394 3.0868133389214796
17.64973306254342 3.0463377287013964
20.51162504338572 2.996715890497002
23.20092560626108 3.317346479954929
21.791152153745315 2.8584756852266175
17.92528775752089 3.279987618334222
11.507414394959596 3.1018408281445944
15.08185174110622 3.6285353330430166
10.884697467777187 2.8527951223957637
11.554697897050573 3.7267141965081922
7.3927236857180105 3.821656414455668
9.017085387054067 2.907889392272789
11.919058484664674 3.0370839834329666
2.886534249784745 2.8865189481033315
5.923510144271859 3.2865121438467995
3.4618985462384444 2.9034515697779524
3.5942441359384247 3.5941940363323743
9.218111221959589 3.148672349187691
11.763702731892408 2.859217128593564
12.881075690559555 2.959479251964293
15.52152030036541 2.8357953554704967
18.00105290186093 4.347638193676959
15.14951052777451 3.1162417676892584
14.93300301590898 2.864101108808169
10.49540169285683 3.311982731650337
13.21550305164692 2.9281255548853617
14.433541991940729 2.865347766577723
17.14827618497111 3.3102307326858336
15.858175777289034 2.858019895917592
16.310234637777285 2.8568674750301177
18.608288600001288 2.8046808254976185
19.37639321491224 2.864295578537306
19.90520100521826 3.111948746362438
20.813680986517284 2.8862796094023127
22.901840500975595 3.688401443737399
23.25964312092401 2.85920714609024
25.405833945946142 3.057687146327179
27.167624296856047 3.4712086173146
29.898077861164893 2.9580875670503164
33.17281039865247 3.403838332326965
35.03382184662951 3.9435645709063127
28.563169750536872 3.002074449268687
29.73715454271496 3.181588651993925
33.211345802034884 3.933260696180466
36.50248413371446 4.770369722452571
32.3014793793609 2.9149924239176075
35.262038441379445 3.042351802487406
33.61483438419873 4.194020199179604
36.85509793914662 3.5970344316603655
35.36687418044221 3.417751522672627
34.47284066585871 2.8102404929913067
35.70986752859153 5.451530687712735
34.49353102825535 2.816248157671044
33.62391377786298 2.8050349442016205
33.40180840111407 3.0753850346852336
33.93498964601167 2.9471525295099013
34.40009631191242 3.0546940991335254
36.442811486352184 2.8584211477899433
38.47235970708607 3.0224492164431505
39.318793126773926 2.9001191818412173
41.94347311349793 2.9550804093399514
38.96317932592319 4.384145937787766
40.86536950487516 3.7219317935854055
42.97858351423747 2.8353345383923725
45.05272698542467 3.072528051962113
41.363004629904026 3.176585230374755
40.589824797374604 3.3135139842420296
40.48736653598007 2.912796440551844
37.33942128169656 3.148129579665641
31.65669289318157 3.0263023537853924
34.27807941372794 3.046081451315591
11.790773209300824 2.994833069619782
12.95964274709786 3.3430585194522573
14.336876577420298 3.978760368236271
13.358578826581834 3.52034140798299
16.157827013341375 3.5226818942070404
18.195970179499454 2.8681043454601505
5.766471538560836 2.8458591615992423
7.748878965991025 2.982904132425663
8.727744557280857 2.8392567528960675
11.650200977113855 2.976448284541725
11.265383041363748 3.5043974920013
12.71849956873848 2.8306521780055456
15.30204526869693 3.1709702828652917
17.095895919756003 3.5119033257657213
14.1077445228957 3.0640282371635195
10.595194645522497 3.096487799837924
4.913541023597645 2.8570976514746813
6.685393248432774 4.262422079710202
6.303495820534408 2.8279989953489557
3.279855268200663 3.2797787844736366
6.533201642455424 3.1025649401436133
7.950786130190863 3.9460615274354502
3.099462942939681 2.806940352882911
2.8665711740468396 2.86652096786876
4.3059442968205985 4.305919823114027
6.579564789976757 3.5175026778611347
6.274993486952553 2.8986051817622354
7.353054979302215 2.9564995366089883
8.797828826548539 4.421975484614692
10.735934569243 2.8801172527185877
12.507883677568316 3.243455217468656
13.585374612251144 3.9151776021378755
12.578357707379837 3.759351028628272
13.560316401222735 3.128798472769093
16.96759854961965 3.5636878811244674
15.05127345892106 3.0088318954409523
17.58932308621752 2.908112412438388
17.27056650900704 2.9391979827404797
16.460358497988636 4.13451017323161
8.115078556606022 3.87989536140016
6.410804761332656 2.831886905857304
9.24882246492325 3.3505027062375063
12.549081880515587 3.8046107148390558
15.634562902494508 3.4964233682139074
13.975998938760313 3.0248133521445073
16.213454171610465 2.968411120630314
10.328958214323393 2.850798887750679
6.7170352058619756 2.8861377333250124
6.299178788975951 3.6161430163621984
3.083929589318359 3.0838498981779257
5.74806737417839 4.200889697422342
6.669456200160312 2.964729741640199
5.200097627281139 3.362094414178107
11.510241719621263 3.4246038781502137
10.279850074141905 3.1893235784602076
8.47833789604465 3.1220582009520026
11.250718285576113 2.919238051803715
3.1150918125376847 3.1150909549640033
3.0340649110230515 3.0340056032100042
3.566690896239379 3.5666293199783783
5.819255511369192 4.160866499980907
4.678003291889581 2.9067894746024283
2.845837112294248 2.845765118426537
5.39982860838154 5.399760241212272
7.830141005546466 3.8034549283105994
9.572699087531873 3.1330958290991786
12.153564392545377 3.3452394439854296
9.515657496552194 3.184792294982268
8.344418641861012 3.412686465096476
10.934805401728227 2.88595244443096
12.235564438669826 3.1785264347064293
3.010725218544394 3.0106634825165473
3.934542500250245 3.398522173305528
4.758049805448536 4.75799397993581
3.1558875667915345 3.155870475388428
5.890582953917146 3.123213905333362
8.302513903555337 3.4303955908000963
8.939417595373016 2.910338550091472
12.808273873124563 3.3191099107247
7.872496735957611 2.911116824883841
9.776362102395069 3.2464329383365005
10.731821088073957 2.9243552297989592
11.566043675714354 2.9095308653060745
12.380554047816986 2.922705450324075
13.072182238589448 3.036865447642316
15.029993790411027 4.158028538766613
17.854470238077738 3.0248609225748573
20.46841957630386 3.9839462404950274
23.462533191350303 3.3595892139082277
17.289709240508273 2.8488874456918905
19.94450573023005 3.010773218467458
22.410330190498826 3.4817271918317423
21.807799632445494 3.687487376224834
23.935641587295322 3.9214326962274715
21.59191382620429 3.297083448561257
24.56097270569626 2.9815631298843814
22.932527509304236 3.271934728762268
25.61967617313985 4.489700141309212
19.384434378313017 4.152193867202831
21.145296264772696 3.084566214310673
25.507053279301545 5.544287580723182
25.865829441863752 2.9404234125166333
26.557295297368 3.1476355276086854
27.630644926297464 2.9844413087611343
30.359241844877033 3.602865044987362
31.52360256584234 2.9245592197794927
33.35762033160427 3.2158317683564066
34.623873291698146 2.8445807867958517
32.79298724772434 3.37772920711918
33.09748908386155 3.182908850314292
26.832686754231872 2.8485082299551534
26.73796299210335 2.966841882919408
24.821140807175652 2.9834473820580456
12.997007244053748 2.8026585781862163
16.060238566496082 3.1762510177384824
16.18411435715916 3.2782835455555666
15.255198000422752 4.053836453609086
17.0877975829153 2.806972927192219
12.794916559887497 2.8045542255652443
15.049212692013498 3.965378388412434
17.891985409064546 2.854469863908185
12.94319612099207 3.3333326328438755
16.030347426768458 3.2371046979891185
12.416725079897333 2.868854975633514
15.44328089515875 3.8284494513656666
17.881886831355587 3.0595898792012193
14.388128359962138 2.8728339933067715
14.518967708680066 3.4321428066698885
16.493410045203746 2.875124158704855
12.995013185213793 2.904083915112696
15.289014217644763 2.846509191534538
14.576074188621533 3.155042638553886
6.999034250599834 3.032718974242706
11.225352634869523 2.9517881757821303
11.86450184876685 3.0465127865554513
15.331207027075834 4.5471469102254884
17.958509063579186 3.2962280771137147
19.625843065257868 2.9917761464000345
20.155090672355982 3.057982206789697
19.954271016903476 3.009717939022443
22.223845699324556 3.2610753915702815
19.533726845803358 3.0127874430885675
22.05367650120661 2.853432617350042
20.537469197144674 3.31969489540399
22.224397173587022 2.908938465263533
24.787277538662238 2.9759613384720924
22.849626256571355 2.8550474813592444
14.787020483779088 4.390462410254541
18.174206512224373 3.4149116585172674
20.9626283544776 2.988731824595913
25.09481491597944 3.6053348359852246
26.067982544347615 3.5227395779112958
27.79588496931501 3.322470994711718
22.11379077818856 3.119179344953186
24.95544649327894 3.1270584898830416
26.170257070246407 2.905526999165446
24.476983978130193 4.0377622273548255
20.85873696692579 3.3886053813566597
23.071522064748024 2.88008252013861
24.588044196530973 2.8107732927932383
26.99312030857891 2.8371017183008345
26.37937792150842 3.002266027673304
15.499307276718355 3.181985109152754
16.56480103634567 3.1318790391749225
17.220425677701314 2.959883159922067
11.03935716079468 3.073376866982886
12.021178683143262 3.0705082575884153
14.350276400313305 3.3430857658973627
14.793616196916446 3.0000751309965525
17.02000189674709 3.5590279102545166
13.252750550514065 2.9459174129414434
8.279292155615622 3.735622138902655
10.177089657589931 2.8836520698965686
12.740371792740007 2.810194781509138
8.312912475871599 2.8027451400530996
10.663624043973869 2.9015243804620297
9.089445452467771 3.330875885624967
11.242085692119872 3.331580655791304
13.481145170915624 2.805572354790593
7.824984857311392 2.9270392213570093
9.714403258479251 2.909533459938897
7.641664899903844 2.829211742967596
10.459736390215767 2.859078426509693
12.64870103620433 2.897828733972072
10.402421929481534 3.212390567679707
11.97814913781167 3.3601079394223388
14.202555729721098 5.439901410251977
16.85102148688111 3.0234005948550013
18.177552071328137 2.9692285567174137
18.488609245619045 3.346644096857163
19.664692656645457 2.956397008035963
21.61863626977356 2.8998053009487172
22.847797170722515 3.0153504972505694
25.189635349095624 3.0965723324509016
16.241505703077564 2.8287845294889595
18.571871987855047 3.0977739174288055
20.573815787567582 3.2122954036218845
19.442344339196097 2.967443911584103
22.57018897499529 3.6719566396427727
25.92631121123941 3.4596990260474048
26.939731586997368 3.1991716578362626
26.38609561064004 3.2852227014688253
28.772716400676472 3.021737676036645
28.622686087835064 3.075010571558056
31.612130372583124 3.100073986964092
17.335184571822538 2.9522510810849982
19.36886194886847 3.023091064883088
22.193836236274365 3.1165388657541477
24.96526931056451 2.940010238914392
26.67897020276905 3.0913343468837957
27.44053188646285 3.1585721078521383
29.618668639986936 2.93690629333387
31.68162630948973 3.1974728114759925
26.30651868431505 3.3030845519691594
31.68044896284482 2.829710435229031
18.732636684575482 3.263507004370197
17.277306313942063 3.5274463550271644
12.288595594517574 3.0174056472553255
4.298765755397653 4.29876511096244
7.197406843871249 4.027147907771361
4.501470069159041 3.050624291730773
4.469241064228299 3.7570449781626016
4.552251989133765 4.301821005544292
3.78432776126283 3.78425093788341
5.532477867416674 3.86822379734157
7.429725902417886 3.520695045616624
3.334310716789332 3.137079787284754
6.4320938012342594 3.3732868546403902
8.469556332299362 3.0799225759021196
10.630642488715239 3.4654156875650526
7.273283031539904 2.833813925785504
6.450539694915278 2.9233032121124456
7.743683822644016 2.836015270341685
7.4821143097869935 2.927011203519903
6.204224552956475 2.9820080616454674
3.6468403908847904 3.646798025820578
2.8211729620961705 2.821147536679514
5.766450163961963 2.988207890217014
4.178226566810736 3.0438628242140844
4.346667963307482 3.1960866668274988
6.965587229488847 2.997093049757539
7.888421746889435 3.007034806257057
4.935271745501268 2.883273430155691
6.42042120246515 2.9253922818023335
5.263963874637739 2.988310003052819
6.917623284491128 2.832926427790966
8.200211489109279 2.9810274296693953
8.992228079277993 3.4842603405694086
9.92115501999524 2.958036344768379
12.327136408976912 3.6569984917387464
13.312668866710737 3.469076636265322
14.07778223146579 3.3327156657101242
14.618557769976178 3.7101157074959463
15.351002204950419 2.805885914854199
3.0461963264278893 3.0461285602515358
5.579019289003554 3.1284667943287183
8.626858737614384 3.396231368624651
11.65569043364576 3.312347173404561
13.645450189988878 2.8117822631880722
14.212409001052038 3.2399258847415977
15.734029945528164 3.0218744363945222
15.682006634086065 2.959039896173348
17.01281558150731 3.2956276438712195
19.28708651587931 3.1121971831569235
21.797576854640283 3.0300303448985106
21.880193647267333 3.560067255687518
22.566406927046955 3.1008276315314065
23.634746016990903 3.4578885808342905
23.497435957332527 3.2798347743466127
22.765227944973958 3.561720477866629
9.090114772426205 2.9451138770414103
6.646841298347681 3.539226740973897
5.611880180295884 2.895152885144915
5.930284585442678 2.8140491196444124
8.976233520476853 3.464692457990019
10.487921690408257 3.1796027523010633
10.763086844697682 3.2340645461204094
10.772680502793264 2.920605989236621
11.232466407293032 4.033566690220336
12.120123214746855 3.1554271307365935
11.952181105277305 3.6167235529259854
12.157203463217229 2.850344792875356
14.863253335796799 2.8522589338128204
15.834836792859278 3.1952307064108685
17.656660412862948 3.032674545699744
19.002311948191164 3.3322172551654736
21.75359089120593 3.0102490908990283
25.184862925320886 3.7834038510129897
23.875641379312583 3.1535565783626773
24.076038733826863 2.905073013249894
26.272926242083486 3.0802023036285195
28.77426830004333 2.849836322608609
26.566387738732374 3.1272408935316864
25.711746870063507 2.93552131242088
28.441032755596098 2.9541038265468433
27.40344950783492 2.9767609708425096
27.045655478422304 2.9536763851882224
28.776268299023286 3.4251172105747516
31.806669241681448 3.0344824793548524
33.30908938630546 2.8702852922121167
31.498718909242598 3.575923721589485
35.869269051923766 3.465185636847188
38.10989846335997 2.9181139895121
41.02793032855698 3.001407369799243
43.05313408920938 2.980703319090388
43.96625286946892 2.955857385304323
47.53098090604544 3.751460090370168
49.7816473317871 3.026066563677615
50.39737573360253 3.0262047593552492
53.09421422422565 3.7990722785275386
55.458565352664664 3.6800385375947373
56.356460978372525 3.1404853529119654
47.97243221183453 2.9495031455017884
48.18024503475954 4.2828320459291245
47.803696217051765 3.077114552145561
50.43914106262491 3.2026892814689933
50.15688603912531 2.8255842775001367
52.835135459914454 2.921595934929106
53.39407607543308 3.049236531732462
55.51502972869548 3.0406723883481255
58.46635568154943 3.384041227224508
57.44013250610169 2.8881605435039415
58.78081151811239 2.866160839555753
60.31829287018172 3.204874421607207
60.32875164758934 4.302064122663559
62.50719649536677 3.0162270111860288
64.80467019491607 3.176792440645934
61.91631649284318 2.9169657105427724
60.12519935702039 3.2010064890877357
62.849185703799776 3.0135018964801783
65.75148608561722 3.0861748732109575
69.01128450166289 3.4605288429341896
71.24994177933058 3.0353291108877536
65.31467598540894 4.203853107851712
68.06884967940823 3.073969927134376
70.72908703042594 3.2530424170564807
70.93494401090902 3.012165528995573
68.92687008282428 2.8762900373318434
67.19513496277432 3.0300522202990883
54.92196091925962 3.459629998722304
56.17408812144913 2.8996370356534333
57.145093155214454 3.070027445971155
57.11920318961438 3.458505430160047
58.24224389362007 2.8869442090818582
53.23109109554025 2.943115224834224
49.668920016136326 2.9694024593033994
50.19617754345654 4.743694685860115
51.38739340063603 3.419846914278361
54.129920101561765 2.989702743678502
55.08882222083321 2.929407915769484
52.01854568085582 5.391121837864116
41.94982708762018 3.252368868987353
44.47142646453085 3.460905740742133
36.97774186110655 3.2841953955212078
33.96019265908035 2.8157502600465802
35.73280722271738 3.158748907621458
25.7551495205671 3.0357271988717605
24.896125896149897 3.5789401904666107
19.325265128618412 2.8257662410948163
21.314703734333307 2.8614232921148592
18.379189703669 2.851425518152009
14.879497881227508 2.9478805269907613
14.301932248353296 2.9145070358849545
16.06226091539793 3.556282434986998
15.31574983956034 2.998988059295682
16.715374614512257 3.1571715178291893
18.532814212205267 2.8708061377477896
18.291516567753206 3.4897830833553733
21.106459402706605 2.8342226822297487
24.665826063568602 3.7410089455714557
23.87761488588785 3.196738016809821
26.466530314311058 2.9623958764664833
20.898485120515943 3.0707244689957016
23.908151690031445 3.279368412822457
15.6465334225486 3.526492871421618
11.412681982019421 3.0059984205179395
13.168979256492094 3.860538638290995
15.82276079364783 3.8416996907243455
13.418658467785463 2.886471944782836
15.262162856350187 3.017461838485186
18.222574494585388 3.1374035658390556
19.697227394118272 3.2646895078761538
18.60147952668558 2.880135189891124
20.83368723021249 3.0028036935709617
23.724794508066225 2.947491574752894
20.186977263710105 3.263136515920379
20.830718452223664 2.821653633471047
16.90841088113757 2.953542567619204
19.655671879610964 2.9443513830140478
19.549290182444565 3.9761688501478405
18.681900044604845 4.294658822814643
21.048909428846855 4.843066173196757
24.086126407999473 3.58033254426493
24.86393983134076 2.930480567197021
25.236340036317415 2.9560662223121876
27.713580988488502 3.240855858453982
30.3339301534661 3.9831229549733758
32.72560910704942 2.895876311866366
33.77227973440404 3.9451045932771276
36.4884438119343 2.936016429202855
39.202398870892466 2.837856900544603
34.52533231960933 3.137093684861827
29.808632863670937 2.92680549329955
31.868938605170115 3.400012234685392
34.02510829543735 2.862333521551127
33.32320165591955 2.995675517557419
34.31946675263316 2.8416020528989163
30.19837712834942 2.899009003327276
32.31408729449868 2.9520808770308724
21.738614766395585 2.934205670532441
17.153663902058724 2.923387954853521
15.93386496011226 4.624823521218382
17.882912577229035 3.151358738833842
15.77434731987887 3.0705461590650653
16.84095096589317 2.9997285179447837
8.913085839796622 2.973048143519108
12.062327655419722 3.347397885532152
6.061310443446928 3.3650038183106035
11.37847691448951 3.0586342306073697
14.018328943885535 2.8199565086171603
16.394215042540964 2.841359925263301
15.539556065285069 2.813862060751428
10.449846446884294 2.918502146169026
7.69447472792217 3.0386481025408996
8.941006534379994 2.8393901759997915
3.2566436515571695 3.2566417753540655
3.1945404528378276 3.194532845641913
3.98962709895477 3.1272422765692545
2.862048868159036 2.8620359931115384
3.5230276882812177 3.522931699991894
2.904534440946918 2.9045184043111187
2.9835479213561484 2.835220038261584
2.8808613740966393 2.880829935088975
5.3981324156229675 3.577249540099139
3.5396850288543646 2.810762868774534
3.095272916129943 3.0951880854866625
5.015658701445318 2.9368336565113835
7.503103276319052 2.9485279301007146
8.463601440558705 3.100032259286225
9.418486412354468 2.991940337464265
10.98798995294419 3.088732582072763
13.25129175463735 2.827526945030423
7.304148574703504 3.1135332057212732
6.955675310965489 2.9826561203100117
9.249526091379266 2.874670979523964
12.201359073355889 2.990287724596772
13.291987039190644 2.9877135865074482
4.09133264979755 3.2738163549708337
2.8051511898984245 2.805133963527179
5.345505541047714 5.345445418865733
6.113245399132211 2.8261971368275502
7.840748033880118 2.865933178793848
8.375893936879038 2.808035260555196
7.355525851802668 3.3609965011151393
6.6466851915956795 3.143530325540696
8.470521413059942 3.021789210342502
12.923880751046454 4.8058356282684365
15.60120418821407 3.206334488373391
15.16498045062417 3.2720912087648677
8.18501807136272 3.0722542096380443
10.32632963015294 3.7855654427054075
10.770321559150943 2.9841414511892204
12.299239399941143 2.849609134280722
13.567851993872864 3.4103656505567566
10.397173930781719 3.458865403327625
3.1337023840615075 3.1336725315915404
4.323386674086578 2.824021800302572
8.22672915806288 4.149651521021078
6.324551575534315 3.3904029433057037
7.481751660340706 2.945156630232016
4.412679798765566 3.0998837360358036
7.649256726991553 3.4770961557272404
4.140597563424308 4.1405766927385335
4.79638711384905 2.9088667729624302
9.364640606697321 5.582224850261014
12.068677958349326 3.723784586842959
8.973896259438334 3.0368932997045475
10.253568549636839 3.150605741487989
12.967211333896557 3.454108882530025
15.205749244049002 2.898399295171457
11.269201294698178 2.912800328136501
11.989508211667271 2.8358622977826293
13.691475824903137 2.9365776255731664
14.589868942916837 2.8972685037037587
12.077533634836982 2.8418536890392248
14.706194842699006 3.3028805816891342
9.065627502034658 3.3644559273027803
11.820201828839345 3.155372723725599
15.716842256452765 4.094416996835054
14.671516391957994 3.0873560968630946
7.017904091017044 2.8017544517822914
9.167737698536257 2.9528567974030255
10.5335066418329 3.1046569446864343
15.6736811528408 2.9588040975265
17.34092641767529 2.8888641798961108
18.72208240753298 3.127233350406321
21.136547356628398 2.8639764098672944
22.985426867064234 2.8649299257251353
20.471315958761807 3.5589462673272534
16.912125900172214 3.629504565907639
16.079973111802246 3.0065257158709646
14.954101512632406 3.329344868314938
15.451090515396572 3.466673921410584
7.783569824878214 3.215428723506151
3.0950310947018806 3.095020946035213
2.993560891101879 2.993521371040447
3.597296877563167 3.597281598069457
6.241382763688307 2.9124216095475393
2.8193385102749744 2.8193152874460434
2.838673211203968 2.8386229306601267
5.509458697645641 2.9760369472312584
7.918102323991661 2.8104909366189688
3.0119785652041173 3.011882092398119
2.8245150093980556 2.8244273125003927
3.261021273863662 3.260950937765924
4.1753126486491965 4.175232042672173
5.858474732762261 2.8541181152101127
3.0255301281358697 3.0255203568842735
4.345916225154724 3.1386798884974714
3.3245745378044376 3.324526196899265
4.69791515691486 2.943248884822538
3.1623463499663558 2.895046214134874
4.290116055887665 2.940591294767082
4.897621133739449 3.1328102882377733
3.489890671440662 3.4898503379073
6.638798815878545 3.557236142349728
3.768974973206241 3.768936737990816
6.2529966994443384 2.846786724620678
6.4665171436445235 2.885647340147649
3.0970683347450176 3.097050140240897
5.952110316180551 2.9353621086889494
2.9927141906537145 2.9926374325484075
7.1817890290230935 4.458225956115323
4.1166556101952665 2.9011936355365395
7.279617059759403 3.1659585557181433
9.982832644738664 2.9707453639473083
8.9082640081524 2.944635457788871
8.639369621284459 2.9166903488348956
11.765000952749688 3.3072130859017275
7.667832249966523 3.5620126414938937
5.049549453957297 2.8858740642510217
4.63566447741141 3.1796121006156897
7.108508743032871 3.1642339056175866
3.4478437357593066 3.447833199124458
5.7858824930444825 2.8088703544744913
3.563349102891152 3.1947347762884934
5.631244569689443 3.3107225886773346
5.110554403201604 3.089562363209403
3.8889243767480366 3.8889035834847774
5.1582349532891385 5.158186071448801
8.180440297657697 3.24973358762558
7.764964539554057 2.8019893583156232
5.832575910697415 3.0951544681240777
6.178964817450833 3.144976361605424
4.039953119910933 4.039909233663063
6.996960173044499 3.2214279038979097
6.599358534069324 3.175580586482304
9.509788585406568 3.1616640720502236
6.996900923824796 3.9608311544993087
9.09567678073654 3.1975579039939768
8.353060414377978 3.80852495573255
10.31685994793952 3.9753236326803254
12.853980703093839 2.80602747547113
15.596381062830915 3.7297638539261406
10.63162124406881 2.8577367102157862
5.861460047040964 2.9972000567942727
2.991046715684206 2.990981685500031
3.941049174480213 3.9409792780251873
5.407589837941487 2.9408478867837315
7.552226902522307 3.2019419449672997
8.060156063331306 3.0562674158424135
10.115501607106125 3.5049208225372195
13.0895276165611 2.915067801518909
11.18904176511387 3.961184381383074
4.246780721363393 4.246728810270084
6.851338739710627 4.699979815332697
4.06513624703075 2.8065915779801176
4.420876048392529 3.181321190886956
3.065006011061996 3.064940214179096
5.229528496829516 3.1677582179147232
3.586762367445772 3.1234013948436474
3.2209691488260432 3.220952061855075
4.409269744208359 2.8668821119088816
6.971454044927668 3.093963996628551
5.413785935521446 3.233944428058418
5.372959934460596 2.999887899201194
3.15183402457842 3.151780267222067
3.002322233040104 3.002247390475082
3.31514475748736 3.3150921151168644
5.07714049927381 3.1120664117252663
7.251761297829944 4.181624695394175
8.591396305504531 3.3109680382401625
3.4148527185607236 3.414798984425633
4.017754657546902 3.197521623508032
6.632168956835812 2.9386016952431757
8.46431994852719 3.752341740931614
5.475961595053377 3.090037704665155
3.549625647083303 3.549591128851204
4.685083983131335 3.3120075045162145
6.7025513254429825 3.034849365905888
7.606634928686617 2.858602903095137
10.775512686441289 3.350179484415799
13.573332280016984 2.870407785579575
12.808651897637901 2.971910357699995
18.34909830650031 3.7447199922499927
8.491821263818565 3.0260720834616377
11.664083320441932 3.093206623741076
7.9807791645871475 3.031157224301146
7.594894148882304 2.9587881463342978
6.574778415335459 3.100516794430926
8.03425347978191 2.920288083444754
10.708155304542743 3.0822417839683887
7.448132604926286 3.451917904357587
5.475965868237836 3.488210102600461
5.8496391109292745 2.9477838841806636
8.573737332590099 3.361274799449849
9.537260027298544 3.109634147612139
9.767597015812498 3.178002865482391
8.575911900332358 3.0557701289727706
2.815562390582272 2.8155411832969066
5.328873670036046 2.9272407096777697
6.743326042123954 3.2324920406383018
7.064639788826753 3.558363195337526
8.521855804012375 3.1843987450599687
11.015932088470436 2.9213097810425213
5.69014751591385 3.8502811996124304
7.382000276837061 2.971983682589434
9.480769036788843 3.7612409905949242
11.696292471766355 3.2586279308030877
6.048056606767204 3.133578416490352
3.7376286942744628 3.7376006836761153
3.2880978928933473 3.288019270399846
8.284252249708516 5.064548894089068
3.6347748633215815 2.9843879478202355
6.296534222259652 3.4028994529447782
4.429996025461151 3.624703379069511
3.4492467528652924 3.4492014454699724
3.5631428395663534 2.8788570676618996
3.5765133194454393 3.5764273509188382
3.115067741175153 3.1150299919603492
3.2008436843352683 3.200842229130921
2.8712734954333428 2.8712096075621143
4.699226803946658 3.35564218185212
7.580642109653127 3.259315106883857
12.07733097936216 5.469289191562584
8.386212926281587 3.0622798292986384
10.729184942239954 3.0011925369144916
13.119463727125549 2.9316307272053823
13.416411748388782 3.2503995055928643
11.259075021653189 3.338729811110013
9.379494930668443 3.3758715938290615
11.4653847375248 3.910700909227424
9.918103844036523 3.3577021700463234
12.55103647960459 3.1139629647904825
14.110399619743475 2.8064828180130226
11.57862797683265 3.3705888581719066
2.8703906213013397 2.8703883312725913
2.9509158169930743 2.950882151822239
3.5989983870003925 3.012740905343824
5.953034405631115 3.0867473863949213
9.285648334032885 3.7966918868485138
11.315284802094538 3.2556993905826523
13.230259705096614 3.1144951710624
4.360447053297321 2.950003050346006
3.7412380964524345 3.7411471420812066
8.777109193160868 4.215155937272968
11.461372338895671 4.162058251953282
10.750556250968657 3.0899162479159337
12.734039061781004 2.901127264602517
15.007412961998853 3.1807403815111956
18.429461468449517 4.506483594077971
21.379768051976498 3.1952676608091712
20.41729710527943 3.0670103075566963
21.601094769745032 3.243411628572699
23.404923398733445 3.054122334953563
26.537110337583727 3.193372322705598
26.774150568300684 4.48812832439749
20.614832680483232 2.881252455400771
16.05487537321096 3.1333074164490053
16.68303052067131 3.095917821490746
14.714171495868868 3.0320917960339577
14.854518862479381 2.8570202337354673
13.487422948099265 2.9412705791736347
11.953006521460338 3.4496578351816147
12.35811711614042 2.979321352259073
13.314882282689723 3.1828132216100617
9.02893315700021 4.1106128476304065
11.77573676978318 2.8873353308325402
13.5600575842127 3.4094370390218613
9.479634621749938 2.8133738991275905
11.696312664989819 2.8514959322087035
9.872437242671367 3.09676003702408
12.493550149829389 2.8366645781410234
11.84592811827497 3.1349586219537873
13.066005993810904 3.1418438869750434
15.242583227836803 2.991599376327095
6.840604561724831 3.5210692465721376
6.455956154009982 5.381117582114424
7.029636490045959 3.248143304983658
7.011115813325887 3.0993464653126384
9.782266328298647 2.881289899274389
12.37040285983494 3.1576712102210958
4.579473078987576 3.183460830703779
7.155385253892746 2.9986177748990612
8.111595791660875 3.0436867082956622
3.90346205593778 2.8571919618752566
3.6256075290129957 3.6255613663704773
5.669198764338944 3.0085360454411942
7.422838566773862 3.750641081090486
5.172712327541376 3.7770021833357146
7.8836750129285065 3.2590678851115475
4.683600921036486 2.8909928633607542
5.718753788416507 3.094279584724851
8.334291184159156 3.1547312724233496
8.77966568361444 3.247804755729528
3.0227165210544626 3.0226293588901396
3.115915970678543 3.1158713161948297
4.290983803832205 3.1239397945593663
4.771756326257673 3.340244002553703
7.531532834094833 2.9603688991465957
3.091169193467067 3.091142317022418
2.96393578360221 2.963863739060632
5.3324824463761615 3.078356437177747
6.539378097775625 2.852862173296224
8.61266975945182 3.1551711902310156
6.288186847939869 2.8601760117306085
8.623732957619723 3.014992701353165
9.41391368179211 3.347288955324284
7.527712233726561 2.9876967255768054
8.242520354680892 3.3129779731877287
10.590731248028533 2.8655154224063613
12.902212966369916 2.9677085442523743
6.255956026278 3.6830801511588405
7.789208740699905 3.3556046509860873
5.042949738644893 3.3521771263233875
3.0410401484787144 3.0409865431394865
5.38000246968295 2.853866968358237
8.751368454546537 4.0689719474440285
10.085848321356025 3.0548128254360782
10.691220901260749 2.832726767184965
8.407725019613281 3.0734123163062894
9.54823801830753 2.977941654310961
11.589471239914928 3.862922356676879
14.186611651755811 2.9862160288015263
10.29506830970604 3.6943087462024273
11.308447857911233 3.451098292241561
13.865809653105316 2.873740875160908
16.791200237526937 4.042707103055296
18.62123493773106 3.0302513092735635
24.2912485570414 2.9941329421050993
23.277779165997345 3.5574532711566693
25.422882181084788 3.216954390513881
28.453624050123835 3.089492325778851
28.828389006228463 2.9489976627312426
25.61890476267945 3.167640630218287
30.082053904925488 3.4273587572458357
32.08646538339963 3.1921671860994083
31.894929628266254 2.85634332349413
32.56288418457916 3.71418061386521
35.844076286870404 3.72260744913772
34.99689785957162 4.001051043177165
36.88127962220642 3.4688309366400465
31.627030345085586 3.59736857476055
31.437308561839018 3.0121015728943883
34.416487971866445 3.1384093660701144
34.18908140782878 2.9947899469466814
31.549232236142416 2.8230265584437495
32.70405458746609 3.185276959701025
35.11848148408717 3.000464804871201
35.143037571217064 3.153993409980284
29.273878849136963 3.297168970622224
30.84772617294584 2.8937055446905964
29.342659410174747 5.674445880927792
24.519850515287544 3.8819205198038587
26.802160179739076 3.5091590802952015
27.087036824152165 3.1201956926913295
30.081397059795563 3.534943311544471
24.722859790485018 3.250967940037585
27.55330491459972 2.847839018185518
29.496000461842414 3.9281124236818865
31.77398077068574 3.000492925265282
33.7370099985219 3.0263968579780527
30.998874697241263 3.4193802354803333
33.73325310677137 3.2147874003507066
36.855732016514594 3.3008244197981824
38.88493095188642 2.8874244182527455
38.913908477270525 3.144786857067771
41.959345866729564 3.192469924695677
43.34058720741996 3.153582726885663
39.61930953643787 2.842966119237635
38.11103830200409 2.997697127968707
39.127144938995116 3.1665864774721824
30.684781819514683 2.96855614875122
32.72754742545476 3.03269332271169
34.06315350008299 2.9590177914735025
36.53284204360898 2.9712242666942075
37.5278523702018 3.1045373104241203
40.13880422389229 3.112053428979443
40.46776331093679 2.929252022262636
40.7773964993612 2.825574569089612
39.76842783064785 2.9001740813106216
38.20764811042682 3.4200564433979355
37.15945565749644 2.807943452058899
37.51825340432515 2.8567756558644164
40.36271426881467 3.312667280852451
43.22724774279777 2.936272560624179
45.42304668507859 3.677573267931277
46.95270593451096 2.935982316321982
49.61306951044753 3.127939378223705
53.41634642687677 3.966754188750012
53.97829302770697 2.8105113268327386
44.6487337054441 3.134500045722597
44.627434278532746 2.8297130575379534
44.07951452753332 2.9266573495804082
43.68758927664203 2.8021279460835813
45.30068446630503 3.0156313558450223
42.35832927233787 2.837742811654253
45.24512926909847 3.0935894089723894
39.34127945919863 2.8318686870157985
35.624587198228255 2.8476735142679654
36.76587034810473 2.811915575352241
31.31951256645152 3.9343319540204185
34.16576453995367 3.404893153912065
34.832954703106225 3.3296237439965606
37.727634422812116 3.2730635101646097
39.29485835401829 3.610993174921942
28.05559205038844 3.182807656393049
21.333931140596178 4.019883139698235
22.961403547606096 3.6083379298449
21.04083853899465 3.0181002165394926
23.074393416894964 3.1292357011317447
24.343073666599594 3.3614697393799373
24.97000975245828 3.81758039258024
28.778586675985935 4.498375873743511
29.79916082658565 3.793316902050803
30.32361661739924 2.9165978249913
33.39481407092353 3.5945825167455068
3.42191667741281 3.421888572524118
3.2672794001155125 3.267246788213294
6.129604943225786 3.073465772678099
8.43602464882315 2.9407797759164973
8.78862348790426 3.6890482546927985
11.244900556686844 2.9240316804648683
10.992540079818355 3.450235234840174
10.849204342388475 2.820731346318589
9.659539658818176 2.8159543899288866
9.858080508591229 2.9287611345360705
10.272066558449296 2.8220602862802275
8.076121667123516 3.120566518742737
9.989220821398703 3.1927283547999696
12.067843439457647 3.0010885676021726
14.504622868904335 3.8741424024341597
14.045684098140555 2.882914901260873
16.49323669934347 2.873530000924011
3.517622664305236 3.001583280878746
6.779693894502998 3.6109857344753675
3.6064516128953983 2.967710367944469
3.694273099881684 2.9349918826288066
3.5224101589647034 3.5223871883131856
4.38073628015627 3.0612818925621776
7.954474646876406 3.3535533983928776
6.902587558477535 3.2979505578740893
7.382780245423419 3.031764811154473
10.539229477131812 3.163859778112533
11.525330262045827 2.8127542543315665
13.783846645541416 3.1674432494727447
14.669371191237587 2.8643373406607306
19.29951487087783 4.937896401664178
6.976376953680301 2.927453182347284
8.635336007357182 3.4298700901430927
10.70855534504517 2.808522301875434
5.864429793562522 2.856433274711123
3.1080226947215124 3.1079686452727935
3.7903837744652265 3.7902934338287446
6.73834850559615 4.186095896346107
7.540592594465124 2.9936075385200884
3.012305348111113 3.012218472799423
2.963922761991853 2.9639057613402016
3.5264326656524645 3.0946930537971076
5.010854510366698 3.145949338169277
7.1381934467917745 3.119359947781258
9.171422432651525 2.9757231651165674
10.610866582926974 2.9502201954785083
13.614262022294497 3.3595562078471417
8.2725292147461 2.938693729425316
6.482271464323276 3.4726717623783343
8.293899057473027 3.2518840756221477
11.157500630795766 3.2602965950475102
13.750917265266253 4.149202691936047
15.529038153155852 3.3978628760392664
17.69786429832675 2.8844848534390883
17.577224778831805 3.3337646312087243
18.468334536337352 4.104512656850186
22.422549484857882 4.168831951307191
25.47541199733314 3.5319356123163415
25.928926694781694 3.540317827704884
27.22430586455266 3.0533256916636664
26.822839421436584 2.8499640625125324
28.97215751263684 2.975322458432448
29.29744104726342 3.412444135134345
25.773741523860735 3.308470307337212
25.750275934344245 3.3391275018381883
26.713496271013355 2.9600704017935158
27.911682836591353 2.9709469974720895
10.336847434704396 3.4506553625243894
12.139864718012177 3.0680664219437523
12.289487982854553 3.1702014143969004
5.64664012754838 3.129906744561865
11.104914674431711 3.285141653244467
12.450739489127955 2.98485995300213
8.847230294764813 3.0642686048832073
3.1497571096751926 3.04344545582358
5.793880560177058 3.6739928090130474
6.963344251136732 3.1062732782464577
10.291428632464886 4.386296533753684
11.555759352693713 3.4526602404301423
13.307680525087562 3.1054956029122662
15.507510486266256 3.075839109049423
18.898860777415393 3.414008065869332
13.926712667091124 3.0373841561656016
5.503069197264267 2.8022991781472606
5.921857871600878 2.822819304265748
4.282425446112029 4.282389993207451
3.0310668817710393 3.0310005522380754
4.562394276823397 3.0357523117955934
3.0019948438366555 3.001899823954548
3.8806158777988458 3.880541550126393
6.390714694525741 2.842233297610742
8.336839912570213 3.5345917781276928
10.177306926301753 3.163446846094052
13.054390244324168 2.9255212586089376
16.381785596629925 4.122357774346765
18.57064154366708 3.178453917983972
19.960788334345125 3.213967415934068
23.307276874982563 3.52717410936281
18.451041760794396 2.9862795597972553
21.415952523617307 3.535064636095161
18.157547618304307 2.8840146822324395
15.472628448047544 3.527314012783
12.954418761657507 3.0195463257022865
13.659558662662675 2.8723936882489642
14.65787532620925 3.2326799928078556
16.92617916562267 2.9466455502238214
16.626987364967135 3.100415358678071
8.853133882790644 3.330996511059931
5.378157376708259 3.4585661540129924
6.600805975251205 2.827624729420635
8.197498072913731 4.2568082431738565
6.01261149084894 2.838233875686586
5.281599998714228 3.7012496214613404
3.268199505244411 3.2681898185579863
3.001850496733823 3.001825407258598
5.531949129641362 3.7785653223761004
7.899023103938816 2.944495057758094
10.027145336805916 3.718393987510104
10.42111064936762 2.9308476269350936
13.019509153655235 3.3654798295648525
11.698162581908036 2.871069598766556
8.109848764055641 2.9559952873353783
10.802623990424763 2.978836675346156
5.985277384017536 2.9063801858560887
8.424498539343404 2.880162730029073
10.268720009711615 3.361394470804781
13.090043520498511 2.8431096457379974
12.983933518135018 3.165623412338948
8.592189949258682 2.8495208768129725
10.244049545115558 4.153550997815309
7.5907531786797335 2.8669231733974274
10.435474652225821 2.99299897545414
8.452664258204095 2.9694120785096967
10.860663190193009 2.8582786282078194
11.387612211919986 3.064222634208741
10.778419338303138 2.9850874588950678
13.769928088328015 3.882146799208713
13.321873977985888 3.181611100366338
15.136472779966425 3.174479612172629
17.05646799216447 2.9216401249262445
13.451227752555496 3.3066226181540443
14.809208967155428 2.871313217147421
7.641092114028652 2.9061393475147947
8.307241877164415 3.0794254508736105
11.16791085917066 3.2263871451069344
13.195682377094272 3.577251589178716
9.917366093348392 2.9207037105496547
12.032879945496461 3.1369209667640936
13.488772748298288 3.4470988789513175
15.260844285208805 3.023869581085257
15.85734267593216 3.0949271674233216
17.457156016000226 3.387726924308672
7.332529147373862 4.100315308451723
3.4863148665972403 3.469824243078896
2.9422968217750167 2.9422155426006884
