0.6366 2.6484 0
0.4232 3.1094 0
1.5092 3.4838 0
1.6784 3.8451 0
2.2335 4.1733 0
2.4953 5.3962 0
2.0167 6.3039 1
4.3950 6.4241 0
4.6729 6.7036 0
5.0177 7.0678 0
4.8005 8.9105 1
8.6793 10.6320 0
4.3430 11.1005 r0
8.4723 11.3819 1
10.1035 12.2003 0
10.4727 12.6194 0
10.7666 12.7934 0
11.7966 14.7302 0
12.2329 14.8054 0
12.9382 14.9216 0
11.0485 15.1153 0
12.3497 15.4373 0
13.1142 15.8550 0
9.1778 16.1916 r0
13.4858 16.6575 0
9.4726 17.0280 r0
13.8660 17.1680 1
13.6121 17.4467 0
14.6571 17.6685 0
10.3847 17.6698 r0
16.4452 18.6336 0
17.3739 19.6456 0
16.8693 19.7153 0
17.6340 19.8371 0
18.1384 20.6885 0
15.0124 21.5777 r0
18.9767 21.7220 0
18.9233 22.0897 0
15.7126 22.1225 r0
20.6940 22.8889 0
20.4560 23.2076 0
20.7748 23.2533 0
21.0924 24.1404 0
21.0547 24.2675 0
21.3602 24.8476 0
21.6247 25.3231 0
22.1851 25.5929 0
23.8151 26.4361 0
24.3851 27.1531 0
25.6647 27.6559 0
24.5721 27.7680 0
20.8560 28.1461 r0
26.2620 29.2750 0
27.9003 30.2452 0
22.5236 30.5678 r0
28.5602 30.7739 0
30.2704 33.3184 1
32.3266 34.2815 0
32.3152 34.7699 0
30.4327 35.0865 1
33.5852 36.1695 0
34.8153 36.7614 0
34.8977 36.9021 0
34.7428 37.5318 0
30.1609 37.6878 r0
36.0626 38.4385 0
38.6551 40.9301 0
39.2887 41.2531 0
40.0464 42.1412 0
40.7443 42.8223 0
40.2169 43.0745 0
37.5605 43.9689 r0
41.8694 44.4581 0
43.4554 46.0914 0
43.8364 46.2751 0
43.9413 46.4129 0
44.2307 46.4430 0
44.3813 46.6490 0
43.8406 46.8235 1
40.2205 47.2572 r0
44.4876 48.4825 0
44.9033 48.5668 0
44.8371 48.7355 0
44.9627 48.7638 0
45.8884 48.8308 1
45.0497 49.5364 0
48.4383 50.9215 0
44.3667 51.0359 r0
46.9672 51.3782 0
47.4623 51.7295 0
48.5740 51.8320 0
48.7635 52.9887 0
50.5273 53.5953 0
51.0341 53.6827 0
45.0672 54.0328 r0
52.2092 54.3992 0
52.9916 55.8151 0
53.7300 55.9009 0
46.8601 55.9284 r0
52.3866 56.1300 0
53.9521 56.2940 0
54.1271 56.8865 0
53.7600 57.3563 1
49.7929 57.7115 r0
55.4457 57.7863 0
55.9695 58.1413 0
55.2619 58.2952 0
51.8048 58.4848 r0
56.4758 58.5496 0
56.8182 59.0269 0
56.2350 59.3716 1
58.9390 60.8610 0
58.4161 61.0714 0
58.6462 61.8120 1
59.2437 62.3359 0
59.7269 62.4737 0
58.7232 62.7248 1
57.8724 65.0278 r0
62.8988 65.4153 0
63.1025 66.1826 0
64.4815 67.7054 1
66.0584 68.1985 0
65.9246 68.3192 0
66.1949 69.2845 1
65.6526 69.6540 1
67.6552 70.1531 0
68.1617 70.4758 0
68.7782 71.0890 0
68.6747 71.2034 0
69.2627 72.8452 0
69.2917 73.0909 0
71.4308 73.4583 0
71.7369 73.7187 0
71.9128 74.1723 0
67.5559 74.1740 r0
71.9691 75.1177 0
72.1610 75.1687 0
68.7625 75.2276 r0
72.4238 75.6755 0
72.3574 75.8106 0
73.0406 75.8670 0
73.4846 76.8517 0
74.1491 77.1052 0
74.0881 77.1523 1
74.2932 77.6433 0
75.5706 77.7984 0
69.6989 77.8988 r0
75.5661 78.0943 0
75.7890 78.4996 0
76.7036 79.2169 0
76.9623 79.7418 0
76.8422 80.2045 0
77.5993 80.3149 0
77.4565 80.6378 0
77.8052 81.2111 0
78.2401 81.6831 0
78.0603 82.1955 0
78.8225 82.3842 0
79.5036 82.5791 1
80.2603 82.8051 0
82.2637 84.3276 0
82.4090 84.7283 0
82.2233 84.8268 0
85.2706 87.2074 0
86.0018 87.9426 0
86.1941 88.1177 0
86.1256 88.2316 0
86.3484 89.4229 1
88.1891 90.3330 0
87.4886 90.4791 0
88.4371 90.6664 0
84.4293 90.9879 r0
88.9814 91.1372 0
89.7601 92.2173 0
89.5968 92.2809 0
89.8200 92.5175 0
90.6488 92.9371 0
91.2507 93.2551 0
93.4560 95.3805 0
92.9450 95.6885 0
92.7329 95.8045 0
93.6823 96.6354 1
94.8538 96.9119 0
94.9217 98.0247 0
95.7516 98.0826 0
95.5265 98.5221 0
92.0554 99.5541 r0
97.7838 99.9754 0
96.9972 100.1074 0
97.8909 100.1942 0
97.8830 100.9332 1
99.7486 102.0413 0
101.1388 103.2893 0
101.6825 103.6047 0
101.3766 103.9627 0
101.2583 104.0129 0
102.0622 104.1877 0
98.0217 104.6338 r0
102.5575 105.0388 0
100.4780 105.3847 1
102.5868 105.4914 0
103.5250 105.7411 0
103.6650 106.0029 0
104.6398 106.9477 0
104.4512 107.2760 0
104.2732 107.3271 1
105.6724 107.9076 0
106.1410 108.3921 0
105.7950 109.3895 1
108.8235 110.7530 0
108.0837 111.0416 1
108.6841 111.1936 0
109.3585 111.8755 0
109.6877 111.8901 0
109.8598 112.1429 0
107.2524 114.2888 r0
112.2161 114.3794 0
112.5048 114.9052 0
112.5780 115.0823 0
113.4397 115.8199 0
112.7290 115.9203 0
114.0617 116.4595 0
114.8540 116.7588 0
111.1650 117.6503 r0
115.3980 117.7500 0
110.6318 118.1680 r0
114.6188 118.8890 1
116.8433 119.2147 0
116.2621 119.3330 0
116.3185 119.3923 0
117.0197 120.7037 0
117.8586 120.8973 0
117.1111 121.6971 0
115.3097 122.0164 r0
119.0255 122.2717 1
119.6177 122.3064 0
119.2960 122.3527 0
119.2115 122.4744 1
115.3479 122.4797 r0
121.2681 123.5213 0
121.6393 123.6618 0
121.7294 124.2608 0
121.7306 124.4990 0
121.2801 125.3115 1
119.6817 126.2102 r0
125.8361 128.3904 0
126.5478 128.9850 0
125.2275 129.1816 1
127.7576 130.5869 0
128.5250 130.6325 0
128.5806 130.8232 0
128.3464 131.2528 1
129.2040 131.4235 0
124.6866 132.3860 r0
131.1155 133.0854 0
129.9010 133.4935 1
130.5827 133.6720 0
131.0687 133.7368 0
131.7172 133.9666 0
127.2967 134.0831 r0
131.6727 134.8427 1
132.9638 134.9404 0
132.7967 135.9329 1
133.3441 135.9742 0
134.9193 137.0676 0
135.5889 137.6414 0
134.3626 137.8368 1
135.9062 137.9661 0
134.9841 137.9949 0
135.7068 138.1570 0
136.1219 138.5197 0
136.9508 138.9706 0
132.8014 139.3557 r0
137.0654 139.6260 0
137.2638 140.9795 0
137.4303 141.0762 0
137.5739 141.3364 0
137.9338 141.5219 0
137.7013 141.6653 1
138.1757 141.9232 1
138.0356 142.1021 0
138.6776 143.0944 0
139.3137 143.3141 0
139.4589 143.3690 0
139.7762 144.3795 0
143.9961 145.9228 0
144.0532 146.5483 0
138.2357 147.0921 r0
145.4487 148.0883 0
146.3017 148.2135 0
146.5329 148.5208 0
146.4294 148.7465 0
140.2221 148.8329 r0
146.9029 149.0237 0
142.2770 149.4314 r0
147.0819 149.4650 0
147.8867 150.4608 0
147.5194 150.5659 0
147.2588 151.2148 0
148.2571 151.5439 1
148.2763 151.6569 0
148.5596 151.8205 0
150.0014 152.5269 0
150.0845 152.8847 0
150.1581 153.1468 0
150.5349 153.9141 0
150.3950 153.9976 1
151.4214 154.0861 0
152.8354 155.2268 0
153.2981 155.5049 0
154.1094 156.2548 0
148.6776 156.4897 r0
154.5803 156.5463 0
154.4595 157.0400 0
153.9582 157.1624 1
155.8383 157.7744 0
156.0241 158.3017 0
155.3005 158.3063 1
155.6890 158.3760 0
156.0151 158.7024 0
156.5179 158.9983 0
156.0729 159.5720 0
151.4402 159.8747 r0
160.3101 162.3121 0
161.4898 163.4612 0
161.7053 164.2220 0
161.9238 164.3406 0
162.4839 164.9153 0
162.7988 165.5369 0
163.5784 165.7112 0
163.9430 166.1493 0
165.3936 167.6873 0
165.5599 167.7301 0
166.4545 168.6216 0
166.7804 168.8359 0
166.1753 169.0471 0
163.6966 170.2559 r0
169.3595 171.6914 0
169.7719 172.9631 1
172.6900 174.6159 0
172.2756 174.7909 0
167.6431 174.8735 r0
172.4592 175.3856 0
172.1077 175.6595 1
172.8935 177.1117 1
175.1053 177.2694 0
175.0227 177.3603 0
176.0436 177.9899 0
177.1384 180.1300 1
177.4796 180.2707 0
178.3979 181.4073 0
178.3835 181.6367 1
179.9083 182.0732 0
180.0446 182.2072 0
180.0445 182.5038 0
179.6772 182.8168 0
180.8175 182.8865 0
176.6514 183.2616 r0
181.7010 184.3186 0
180.8302 184.4616 0
181.8237 185.2697 0
183.6946 185.6997 0
184.1644 186.3336 0
186.4075 188.6009 0
186.6591 188.6268 0
186.4340 189.3611 1
190.1845 192.2032 0
190.5744 192.5578 0
190.1652 193.1551 0
190.3676 193.4908 0
190.9131 193.8870 0
191.4627 194.3398 0
191.6997 194.4856 0
191.9227 194.9153 0
192.1381 195.4943 0
192.3668 195.7687 0
192.9843 196.2410 0
194.3973 196.4218 0
194.0012 196.6168 0
196.2650 198.3043 0
196.4362 198.9684 0
197.0106 199.0500 0
197.6864 199.7264 0
198.2328 200.3742 0
198.4345 200.5108 0
198.0633 201.1442 0
199.0872 201.2922 0
194.5509 201.3881 r0
200.7470 203.8058 0
202.0274 204.6244 0
203.1820 205.3081 0
203.3280 205.5553 0
202.8781 205.9618 1
204.2422 206.2086 0
204.7292 206.9706 0
204.9194 206.9990 0
204.9951 207.3842 0
205.6350 208.5308 0
205.6249 208.6584 1
202.3504 208.7667 r0
206.4482 209.2552 0
207.6146 209.5739 0
206.4244 210.1399 1
207.5576 210.1991 0
208.7672 210.7076 0
209.6120 211.7796 0
209.7452 211.8348 0
210.3896 212.2958 0
209.3208 212.3528 0
210.4768 213.2605 0
207.5904 214.0003 r0
211.8534 214.0514 0
212.6567 214.6624 0
215.5704 217.9689 0
217.2898 219.6851 0
218.3983 220.3103 0
218.6021 220.6191 0
218.3910 220.7884 0
213.4417 220.8546 r0
218.9463 221.3534 0
220.7886 222.7378 0
221.2100 223.3317 0
221.3950 224.1304 0
221.4265 224.4009 0
222.3911 224.8686 0
221.9518 225.0150 1
222.4098 225.0889 0
218.6665 225.2586 r0
223.2511 225.8420 0
223.4403 226.3465 0
219.9490 226.7727 r0
223.8199 226.9932 0
223.7471 227.0932 0
224.0535 227.9191 0
225.2740 228.7938 0
225.6273 228.9126 0
222.1360 229.0118 r0
225.6208 229.1691 0
227.8222 230.2499 0
228.3319 231.1280 0
223.3289 231.4670 r0
230.7116 233.1951 0
231.4424 233.5994 0
226.5507 233.7350 r0
231.8536 234.1653 0
225.9812 234.7061 r0
232.6411 235.6466 1
235.1681 238.2494 0
236.9973 239.5563 0
236.6222 239.6776 1
237.6765 239.7527 0
238.3645 240.2738 0
238.2847 240.6242 0
238.7718 240.6761 0
239.1318 241.4900 0
234.0561 241.5280 r0
235.2810 241.7072 r0
239.2481 241.7256 0
239.2771 242.5050 0
239.6450 242.7987 0
240.0104 242.8868 0
240.0411 243.7090 0
242.6741 245.0253 0
242.4813 245.1328 0
242.9938 245.5154 0
238.7601 246.3504 r0
243.2383 246.7336 0
245.1224 247.2703 0
244.3716 247.3507 0
245.2792 247.4105 0
242.0565 249.2235 r0
240.5933 249.3815 r0
246.8799 250.0244 1
249.0206 251.1354 0
243.6500 251.4661 r0
249.3195 252.3148 0
249.8144 252.7161 1
249.6231 252.7246 1
250.4375 253.2774 0
251.3144 253.5302 0
249.8300 253.6850 1
251.4775 254.0522 0
252.3343 255.3680 0
252.6212 256.2328 0
252.5006 256.5569 0
253.4070 256.7607 0
254.6043 257.4063 0
255.2904 257.5965 0
251.0666 257.6649 r0
254.3817 257.7856 0
256.3810 258.5000 0
251.9684 258.5054 r0
251.9877 258.7943 r0
255.3748 258.9395 0
256.7879 259.7641 0
257.7990 260.8412 0
259.6564 261.8705 0
260.1087 262.0368 0
259.3686 262.3301 0
261.0883 263.4084 0
261.5294 263.7689 0
262.2356 264.8198 0
262.9406 264.8938 0
262.4239 265.2031 0
263.1348 265.7537 0
262.6571 265.7554 0
263.4389 267.5579 0
264.8238 267.7791 1
263.3992 267.7879 0
264.0958 268.1024 0
264.5893 268.3100 0
264.0915 268.3939 0
264.6441 268.9401 0
265.6411 270.0273 0
265.2948 270.0865 0
263.1021 270.3077 r0
267.3982 270.4606 1
266.6743 270.6540 0
266.8432 270.7769 0
266.8839 271.0296 0
268.2435 271.1911 1
267.8477 271.4426 0
268.6955 272.0147 1
267.8931 272.0718 0
269.6336 272.6773 0
268.0148 272.7473 0
269.0507 273.4158 1
268.9434 273.8112 0
270.6598 274.3686 0
271.5329 274.6505 0
271.7695 275.1948 0
272.5437 276.4213 0
271.9372 276.5145 0
272.5189 276.5830 0
272.8916 277.1845 0
273.1183 277.2711 0
270.0927 277.8528 r0
275.7330 278.7025 1
273.8253 278.7367 0
274.4692 278.8267 0
273.3585 279.1819 0
271.3773 279.2516 r0
275.8604 280.7734 0
277.1040 280.8508 0
275.7486 281.2693 0
277.1048 281.4047 0
272.9766 281.7877 r0
277.2235 282.4027 0
277.2226 282.7025 0
279.2826 283.2531 0
279.4010 283.3363 0
277.5495 283.3518 0
275.1548 284.6038 r0
274.9910 284.6988 r0
279.9894 284.9123 0
280.4656 285.5731 0
282.6284 285.7063 1
280.0120 285.8227 0
280.1059 285.9661 0
281.2083 286.9226 0
280.9887 286.9648 0
277.9797 288.0203 r0
281.9582 288.5193 0
281.2587 288.7096 0
283.5685 289.6724 0
280.2290 289.9634 r0
284.5170 291.1556 0
284.2717 291.5018 0
285.5439 291.8310 0
285.5667 291.8712 0
288.8960 291.9553 1
285.7230 292.8910 0
282.8955 293.2044 r0
285.8732 293.3896 0
287.6920 293.8335 0
288.6314 293.8470 0
288.3410 293.8745 0
283.0228 293.8937 r0
288.1804 293.9814 0
290.0851 294.3253 1
289.0539 295.1194 0
289.4081 295.3391 0
283.7671 295.4959 r0
289.5189 295.8795 0
290.3412 296.1499 1
290.7403 296.3418 0
291.5885 296.6146 0
284.3858 297.5220 r0
294.5298 297.8922 1
292.6915 298.5265 0
293.2103 298.5417 0
292.9113 299.1259 0
294.0068 299.4836 0
294.0980 300.2812 0
290.6207 300.7178 r0
295.8469 300.8026 0
295.1259 300.9285 0
296.5241 301.4601 0
291.8707 301.6237 r0
292.1827 301.8202 r0
297.3806 302.2936 0
299.7332 303.1683 0
299.9758 303.4134 0
298.7369 303.4359 0
300.6739 303.7734 0
299.8646 304.2876 1
302.0602 304.3701 0
302.6581 305.1476 0
295.6772 306.0734 r0
302.6815 306.1224 0
302.7356 306.2498 0
297.3535 306.3892 r0
303.8406 306.4597 0
303.3933 306.8410 0
303.8540 307.2491 0
304.0361 307.9919 0
304.7623 308.0553 1
304.5548 308.3109 0
305.8978 309.0097 0
302.3919 309.0855 r0
305.9774 309.7267 0
305.9481 309.9425 0
308.1126 310.2599 0
310.4886 312.4428 0
305.3211 313.0463 r0
311.7443 313.7947 0
310.1135 313.9296 1
311.8251 314.8414 0
312.9418 315.1299 0
313.0458 315.4252 0
312.5220 315.5953 0
313.0943 316.1155 1
309.7441 316.7036 r0
314.8328 316.8924 0
314.5459 316.9118 0
313.8559 317.2597 1
314.3975 317.4300 0
311.4920 318.0971 r0
318.1304 320.5324 0
318.4902 320.6161 0
318.2083 320.7334 0
319.2065 321.3610 0
319.9608 323.0701 1
321.2943 323.5987 0
321.5789 323.9412 0
323.0385 325.1146 0
323.7963 325.7690 0
323.9542 326.6725 0
324.4374 326.9780 0
324.2583 327.0267 0
325.1720 327.1708 0
321.9521 328.9286 r0
327.2861 329.2558 0
326.3821 329.3063 0
326.4085 329.4647 0
327.3998 329.5920 0
329.2776 331.3156 0
329.0677 332.1591 1
329.7011 332.8310 1
330.2487 332.9247 0
330.8255 333.2470 0
332.1175 334.3410 0
332.7540 335.0992 0
333.6669 335.6133 0
334.4228 337.4003 0
336.2072 338.1228 0
336.9478 338.8848 0
333.5669 340.2500 r0
338.5150 340.4752 0
334.3738 340.9101 r0
339.3724 341.4073 0
336.2851 341.6398 1
334.1132 341.8023 r0
339.4921 342.1538 0
340.2128 342.1996 0
340.1411 342.6205 0
340.4715 343.2418 0
340.5360 343.4656 0
341.5458 344.2458 0
334.4196 344.3256 r0
340.5605 344.6623 0
341.5957 344.6727 0
343.2125 346.1280 0
340.5139 347.1804 r0
345.4506 347.6128 0
345.4716 347.6772 0
345.3719 347.7659 0
345.8406 348.0509 0
346.9976 348.9913 0
341.9991 350.1025 r0
342.5383 350.1548 r0
347.1663 350.6149 1
348.8510 351.2082 0
348.4589 351.7264 1
349.2394 352.0841 0
351.5041 353.5466 0
351.2988 354.2066 0
351.5999 354.4986 0
351.7847 355.0989 0
352.5285 355.7031 0
352.1121 355.8691 0
354.6494 356.6339 0
349.5509 356.6695 r0
354.7040 357.2824 0
354.3186 357.2871 0
355.4045 357.4244 0
351.6062 358.5843 r0
357.7838 360.3553 0
358.9581 361.3089 0
359.1395 361.4437 0
359.8013 362.0628 0
360.8869 363.8422 0
356.3200 363.8765 r0
362.3691 364.3258 0
362.3954 364.4018 0
361.5275 364.6736 0
357.1227 364.7198 r0
362.0085 365.0562 0
362.1222 365.3935 1
363.0698 366.0552 0
363.8571 366.3740 0
363.9466 366.6976 0
365.9136 367.8204 0
363.8552 367.8791 1
366.4491 369.7562 1
367.9679 370.1212 0
368.2235 371.0739 0
368.9844 371.1689 0
369.0736 371.5039 0
369.3734 372.1566 0
369.9865 373.1355 0
371.2433 373.4094 0
370.2795 374.0492 0
371.9632 374.0666 0
367.9398 374.3635 r0
368.1391 374.8132 r0
371.6267 375.0723 1
372.5544 375.5392 1
371.3305 378.0399 r0
376.0931 378.1306 0
369.7317 378.4820 r0
375.8066 379.2109 1
377.2119 380.4009 0
378.1486 380.9944 0
379.1203 381.1901 0
379.6350 381.6525 0
379.2538 382.1535 0
380.3264 383.3342 0
382.3895 384.3406 0
382.9651 385.0968 0
381.3596 385.1848 1
383.5045 385.4706 0
383.1773 385.7626 0
383.8371 385.8136 0
384.2127 387.0718 0
383.8637 387.3966 0
384.4599 387.7808 0
384.9754 388.3871 1
385.0481 388.5994 0
386.5473 388.6977 0
385.6447 388.7780 0
386.6105 390.0807 0
383.5317 390.5354 r0
389.7209 391.6338 0
389.5860 392.3115 0
390.9065 392.9748 0
391.5607 393.7644 0
387.3590 394.1307 r0
387.6896 394.2222 r0
391.7534 394.5533 0
393.3421 396.3122 1
394.8551 396.9586 0
394.5637 396.9916 0
394.5887 397.0656 0
394.5607 397.0850 0
394.3041 397.1846 0
394.6895 397.4105 0
396.1774 399.0073 0
395.6165 399.0100 0
391.5500 399.0539 r0
395.2203 399.2071 0
394.9276 399.3355 0
396.5348 399.4277 0
396.5023 399.4382 0
397.3915 400.7565 1
399.0778 401.3732 0
398.3498 401.6037 0
399.5745 401.6848 0
397.9794 402.1210 0
402.1480 404.2705 0
400.2973 404.3321 0
400.5218 404.5151 0
399.8737 404.5556 0
401.7465 404.7900 1
401.7469 404.9969 0
402.2564 405.3834 0
397.9760 405.7292 r0
402.7525 406.4243 0
402.7129 406.5491 0
403.6634 406.5716 0
398.7734 406.6788 r0
403.8140 407.0210 0
402.6512 407.1872 0
403.9370 407.4135 0
404.5447 407.7079 1
404.1028 408.7048 0
404.7735 408.7802 0
405.6090 408.7864 1
404.5345 409.1516 0
405.2879 409.1922 0
406.0006 410.2094 0
405.9191 410.3201 0
407.5132 410.8562 0
406.3818 410.9728 0
408.0151 411.4266 0
407.8739 411.4341 0
408.6867 411.7150 1
408.9318 412.3283 0
408.7037 412.7513 0
410.0350 413.0438 0
409.6989 413.4447 0
412.3158 414.2666 0
412.2548 414.5231 0
412.7600 415.3141 0
413.4032 415.4238 0
413.7046 416.0208 0
414.3958 417.3959 0
410.1012 418.5150 r0
416.7027 419.0964 0
416.9614 419.4707 0
417.3834 420.2004 0
418.2290 420.4687 0
418.7450 420.7990 0
418.2904 421.5671 1
419.7130 421.6787 0
419.5712 422.2600 0
420.2369 422.5686 0
420.3900 422.8975 0
420.3028 423.1549 0
420.5385 423.4838 1
417.3440 424.0420 r0
422.3474 424.6566 0
422.3738 424.9876 0
423.1934 426.2494 0
425.3469 427.5333 0
426.1443 428.1703 0
425.7600 428.3676 0
425.3949 428.6660 1
426.2337 429.1983 0
426.4580 429.4240 1
426.4635 429.8632 1
427.0990 430.0478 0
427.1020 430.5577 0
424.2491 430.7493 r0
428.4882 431.2024 0
429.3073 431.5226 0
429.4206 432.1100 0
430.0788 433.2035 0
429.7856 433.2688 0
430.3157 433.7368 0
427.5212 433.9980 r0
430.4230 434.1831 0
431.0674 435.3225 0
431.3147 435.5698 0
430.5721 436.1049 0
431.8300 436.1771 0
432.2177 436.5728 0
429.5669 437.4804 r0
433.7374 437.8579 0
434.7775 438.2725 0
430.1537 438.4823 r0
433.5619 438.5225 0
434.1927 438.5691 0
435.1842 439.0588 0
434.8658 439.3098 0
435.4298 439.8444 0
436.0327 440.1962 0
431.5784 440.2329 r0
436.0602 440.7926 0
441.0544 443.7946 0
442.0694 445.3196 1
442.8934 445.7163 0
437.2924 446.0909 r0
438.3736 446.1002 r0
444.4093 446.3520 0
444.2169 446.5432 0
439.8922 447.1928 r0
445.4860 447.4661 0
446.3115 448.5833 0
446.3734 448.5985 0
441.2674 448.8125 r0
446.5936 449.1657 0
447.1645 449.3335 0
447.5304 449.7395 0
447.2160 449.8279 0
443.5757 450.2908 r0
448.2015 450.8011 0
448.5817 451.1187 0
449.0538 451.3783 0
449.8358 451.9360 0
449.4502 451.9469 0
450.2836 452.2119 0
451.2841 453.4718 0
452.1169 454.0455 0
451.8418 454.3852 0
452.2969 454.3945 0
452.4582 454.8520 0
454.0304 455.9726 0
454.1289 456.4026 0
454.4953 456.9998 0
455.4019 457.3507 0
455.7329 458.4118 0
456.2916 458.5376 0
455.4907 458.6372 1
452.5316 459.1314 r0
453.7171 460.8774 r0
459.9747 462.3183 0
460.1911 462.3681 0
460.5642 462.5674 0
456.3107 462.8041 r0
460.8427 463.2584 0
460.5512 463.6918 0
457.6196 464.6585 r0
462.3116 464.9869 0
463.3627 465.3345 0
463.7502 465.7964 0
464.9579 466.9755 0
464.1960 467.0973 0
466.0084 468.0594 0
466.2565 468.1830 0
466.2814 468.2500 0
467.3467 469.2944 0
467.0420 469.3140 0
466.8903 469.8195 1
467.3034 470.2263 1
468.4542 470.3720 0
467.9509 470.9533 0
468.7819 471.0138 0
469.3080 471.3751 0
468.9095 472.1273 0
465.4138 472.5515 r0
469.6914 472.6005 1
469.7703 472.9624 1
469.8879 473.0551 0
470.2418 473.5174 0
470.3161 473.5537 0
470.5376 474.2345 0
468.4464 475.1741 r0
472.5159 475.4849 0
472.6200 475.5978 0
473.6800 476.3369 0
473.2678 476.3802 0
469.9408 477.3569 r0
474.3205 477.5601 0
475.4308 478.1720 0
475.2307 478.5196 0
471.5522 479.2953 r0
471.6364 479.4937 r0
478.0309 480.0464 0
477.9496 480.3378 0
478.0469 480.5662 0
478.9054 481.2729 0
478.7937 481.7275 1
479.4062 481.9740 0
480.1426 482.6388 0
480.5680 482.6762 0
480.8555 482.7628 0
474.7859 482.9739 r0
477.5455 484.2929 r0
482.8104 484.9285 0
482.3018 485.0051 0
482.4025 485.0821 0
482.1881 485.1488 0
478.9088 485.4862 r0
483.8469 486.8778 1
484.1136 487.2820 1
483.7357 487.3279 0
483.7010 487.6092 0
484.8830 487.8341 0
482.7570 489.1851 r0
481.8133 489.4884 r0
485.5574 489.6659 0
486.4191 489.9264 0
485.8828 490.3891 0
487.2189 490.4807 0
486.6376 490.7425 0
487.0709 491.3748 1
484.5227 491.7303 r0
488.6298 491.9539 0
488.2233 492.1266 0
488.5886 492.2470 0
489.0320 492.4754 1
488.7523 492.5108 0
489.3389 492.5440 0
489.4533 492.6903 0
485.2812 493.0266 r0
490.3669 493.8692 0
490.6413 494.0641 0
490.8466 494.7397 0
485.3085 495.0314 r0
493.8388 495.7713 0
493.8136 496.0620 0
493.7411 496.0760 0
494.0458 497.2043 0
494.9109 497.2207 0
495.5187 497.7176 0
496.4179 498.7620 0
496.9131 498.8576 0
496.9768 499.2659 0
497.1300 499.3063 0
493.0659 499.9857 r0
497.4018 500.3087 0
498.5990 500.8614 0
497.5121 501.3053 0
496.0744 502.9690 r0
500.8938 503.3256 0
501.1039 503.3298 0
500.5286 503.7097 0
501.8639 504.0017 0
502.2443 504.5746 0
501.7656 505.1295 1
502.6028 505.5167 0
503.2888 505.8444 0
504.3532 507.5034 0
504.7632 508.2898 0
505.8853 508.4614 0
502.0768 509.0053 r0
507.0144 509.5525 0
502.4849 509.7591 r0
506.4968 510.3945 0
503.7951 510.5050 r0
508.5053 510.5491 0
508.3470 511.3866 0
504.3351 511.7644 r0
509.6341 511.7862 0
510.8804 512.9668 0
510.7929 513.0407 0
505.5241 513.3027 r0
511.3747 513.3254 0
511.8755 513.9502 0
512.3844 514.4254 0
512.8313 515.1257 0
513.0456 515.7642 0
513.0784 516.1854 0
513.4190 516.2848 0
514.8497 516.9925 0
515.4248 517.5179 0
515.0704 518.1593 0
511.9428 518.8021 r0
516.7091 519.5095 0
518.5108 520.7074 0
518.0868 521.2515 0
520.1613 522.1246 0
521.3883 523.7544 0
517.9782 524.6651 r0
523.2165 526.3383 1
525.0017 527.3797 0
521.3609 527.9530 r0
526.1896 528.1850 0
524.9410 528.2473 1
525.4900 528.2669 0
526.2462 528.4379 0
525.8937 528.4615 0
523.6185 528.5243 1
526.6566 529.3491 0
523.0451 529.8145 r0
528.3224 530.4259 0
527.5479 530.6417 0
523.1700 531.6451 r0
529.5557 531.6864 0
529.3740 532.3517 0
526.3476 532.8560 r0
529.4831 532.9477 1
530.1064 533.0501 1
532.7180 534.6876 0
532.8562 534.7764 0
531.9429 534.8183 0
531.3434 535.2677 1
533.3706 536.5444 1
527.4710 536.7852 r0
527.8035 536.8005 r0
535.0780 538.1324 0
535.7305 538.5188 0
536.3962 538.6195 0
535.7888 538.8357 0
540.2404 542.1754 0
534.8916 542.3802 r0
540.9397 543.1249 0
541.6940 543.7498 0
542.0008 544.2543 0
542.1864 544.2937 0
542.3751 544.9696 0
544.1177 546.2169 0
540.1489 547.5392 r0
545.5846 547.9305 0
546.0538 548.3710 0
546.5211 548.7651 0
547.0072 549.4080 0
546.5743 549.5074 0
542.3898 550.0642 r0
548.1494 550.2476 0
548.2045 550.4935 0
548.4287 550.7757 0
544.3144 550.8854 r0
549.4253 551.6751 0
549.5532 551.8622 0
550.0445 552.4823 0
549.5845 552.8129 0
550.5774 553.1131 0
550.7321 553.8849 0
550.8313 553.9982 0
549.6814 554.0825 1
547.8260 554.5614 r0
552.9839 555.2910 0
554.4772 556.7878 0
554.9689 557.4728 0
555.6538 557.7727 0
555.2043 558.2225 1
550.7565 558.6009 r0
556.7212 559.0848 0
557.8919 560.0331 0
558.0360 560.8111 0
558.9116 560.8724 0
554.4314 561.1442 r0
559.8574 562.2383 0
559.3868 562.2923 0
559.4968 562.3288 0
560.5342 562.7122 0
560.7906 562.7356 0
559.9070 562.9430 1
561.9188 563.8630 0
562.8638 564.8791 0
562.9593 564.9454 0
562.1377 565.0443 1
561.8756 565.1328 1
563.7528 565.9922 0
565.8873 567.9758 0
567.7575 569.6692 0
566.8692 570.3013 1
567.6373 570.4191 0
567.6627 570.6818 0
569.2164 571.6413 0
570.6534 572.6448 0
572.3665 574.4661 0
567.9162 574.5029 r0
567.7982 574.7259 r0
572.7650 575.5004 0
575.4083 577.6663 0
576.3055 578.2149 0
576.9078 579.4796 0
579.8198 582.5234 0
580.2751 583.4684 1
581.6334 583.9211 0
576.8984 584.1873 r0
583.4166 586.0079 0
584.3053 586.5869 0
584.7285 587.0737 0
586.1586 589.1955 0
587.0749 589.8021 0
587.7134 590.2190 0
588.2324 590.5589 0
589.1715 591.4662 0
589.3813 592.4658 1
586.0891 592.6421 r0
590.6001 592.6588 0
590.2435 592.6871 0
589.0119 592.8250 1
591.3651 593.3681 0
591.5294 593.5078 0
592.6290 594.7219 0
591.8000 594.8663 0
592.8497 595.2763 0
592.4651 595.4332 0
589.0100 595.5030 r0
594.4960 596.4058 0
594.6286 596.8311 0
594.6220 597.4431 0
595.5634 597.6828 0
591.3773 597.8108 r0
595.7249 598.0216 0
596.9992 599.3531 0
596.8644 599.3959 0
596.8950 599.5538 0
596.8213 599.9005 1
597.1475 600.0560 0
597.6226 600.8731 0
600.6403 602.5499 0
603.4417 605.5859 0
603.3876 605.6603 0
603.7757 606.1091 0
604.6309 607.1131 0
604.9015 607.6186 0
604.9118 607.9946 0
606.2564 608.4472 0
606.6425 608.8803 0
602.3419 608.9930 r0
606.2222 609.0529 0
607.0186 609.0575 0
607.2347 610.3456 0
603.5492 610.5361 r0
608.9081 610.8451 0
609.7926 611.7830 0
610.9573 612.9568 0
610.9035 613.1232 0
611.5052 613.4127 0
612.7765 614.9979 0
607.9185 615.0471 r0
611.6449 615.2541 1
612.2768 615.4642 0
607.2977 615.5284 r0
613.6236 615.6717 0
613.6708 615.7095 0
613.5521 616.6900 0
614.8877 617.0856 0
616.0136 618.0207 0
617.8755 619.8028 0
617.9983 620.0099 0
618.4488 620.4656 0
619.5640 621.6179 0
620.5807 623.1173 0
620.3185 623.4286 0
620.5698 623.5138 0
620.8032 623.7085 0
620.1264 623.7529 1
621.3545 623.8041 0
621.9035 624.3737 0
621.9511 625.3171 0
622.1355 625.7292 0
618.5397 625.9228 r0
622.6922 626.0465 0
623.7170 626.3082 0
623.6056 626.3405 0
623.3924 626.3707 0
623.2684 626.6436 1
624.2362 627.6459 0
623.9742 628.1350 0
626.4710 628.4446 0
624.5131 628.6708 0
625.7250 628.6753 1
626.4208 629.6078 0
627.0829 629.9140 0
627.2596 630.4044 0
627.3075 630.5027 0
627.4630 630.8793 0
627.9214 631.0215 1
627.6213 631.2698 1
627.8960 631.9494 0
628.4137 632.3454 0
628.6089 633.2684 0
629.8388 633.3323 0
631.9649 634.1124 0
630.9547 634.1319 0
631.2534 634.5002 0
632.0438 634.9399 0
627.8044 635.5592 r0
634.5267 636.5108 0
634.4230 636.5682 0
634.8209 637.3908 0
635.9469 638.1775 0
635.8730 638.2324 0
635.3745 638.5504 1
637.3481 639.7396 0
637.3181 640.1764 0
638.7281 641.0334 0
639.7129 641.7504 0
639.6720 641.9513 0
635.8320 642.7487 r0
639.8681 643.1654 0
640.7775 643.3702 0
641.1219 644.5054 1
643.6499 645.8880 0
639.2394 645.9287 r0
639.1851 646.1139 r0
643.6338 646.3880 0
643.3429 646.6214 1
645.0668 647.8172 0
642.6602 649.5408 r0
647.6263 649.5742 0
647.9317 649.8435 0
648.0327 650.7222 0
647.8495 650.8134 0
649.3489 651.5160 0
649.0125 651.7477 0
650.1834 652.3137 0
649.4981 652.8508 0
649.0593 653.1941 1
646.8153 653.2375 r0
651.0646 653.2679 0
651.2874 653.4098 0
650.4580 653.4293 1
651.3827 653.8215 0
651.6539 654.3836 0
653.2610 655.2548 0
653.8430 655.8909 0
653.5647 656.5929 1
655.0338 657.3643 0
655.4378 657.4425 0
655.6252 657.8063 0
657.7089 659.9575 0
658.6199 660.9910 0
659.3194 661.2588 0
654.3832 661.3246 r0
659.6177 661.6412 0
660.4178 662.4995 0
660.2280 664.4913 1
662.7403 664.9005 0
663.8305 666.3658 0
664.3874 666.9389 0
665.4697 667.3984 0
660.9193 667.4123 r0
665.2735 668.1232 0
666.2159 668.9307 0
668.5444 670.9156 0
669.1402 672.0496 0
669.2772 672.3977 1
670.2584 673.1949 0
667.7260 674.2931 r0
671.2256 674.6672 1
671.3913 674.7000 1
672.7508 674.8947 0
673.6192 675.5956 0
672.8067 675.8317 1
673.2008 675.9558 0
673.8183 675.9875 0
674.0306 676.4397 0
674.1652 677.3118 0
675.2649 677.4953 0
670.0627 678.1151 r0
675.4761 678.3936 0
676.8378 678.7572 0
677.2084 679.2835 0
678.4643 680.3670 0
680.1484 682.0640 0
679.2545 682.0666 0
679.5398 682.2628 0
680.5896 682.7431 0
681.1310 683.1955 0
680.9240 683.4073 0
682.4468 684.5331 0
682.5136 684.5347 0
683.1169 685.4247 0
682.0488 685.6268 1
683.4823 686.2100 0
684.0864 686.8148 0
685.4503 687.4027 0
686.5603 688.5725 0
686.6885 688.6963 0
687.7049 689.9703 0
687.8304 690.1192 0
688.0947 690.7709 0
688.2073 691.1755 1
688.7775 691.6322 0
690.0388 692.4167 0
685.3319 692.4601 r0
685.5066 692.6580 r0
689.8821 693.0009 0
690.0420 693.1168 0
691.7513 693.8673 0
690.6268 693.9978 0
691.6885 694.4800 0
692.1752 694.5643 0
687.8781 695.0256 r0
692.8383 695.3492 0
688.4137 696.1431 r0
694.3044 696.2423 0
693.9965 696.2971 0
694.6150 696.6684 0
696.4023 698.7384 0
696.8441 698.7677 0
696.6740 698.8136 0
697.6929 699.9747 0
698.5897 701.3271 0
699.7338 701.7128 0
699.3032 701.7368 0
699.1100 702.1542 1
700.3085 702.2348 0
701.2513 703.5231 0
701.5031 703.6970 0
701.6874 704.7791 1
701.5254 704.8820 0
702.7886 705.1693 0
698.7318 705.2227 r0
702.7487 705.3179 0
703.4716 705.3723 0
699.7185 706.2967 r0
704.0872 706.9783 0
705.8559 707.7822 0
704.2483 708.0979 0
705.8225 708.4936 0
705.9753 708.7548 0
706.0770 708.9039 0
703.5328 709.9747 r0
707.3134 710.2815 0
704.0433 710.5606 r0
707.6493 710.6166 1
707.8725 711.1453 0
709.0035 711.6803 0
709.7621 712.2471 0
710.7941 712.8074 0
711.5712 713.7166 0
712.4511 714.3600 0
706.9656 714.5493 r0
712.7409 714.6544 0
712.9569 714.9729 0
712.3592 715.0361 0
713.4044 715.9010 0
713.4340 716.6595 1
714.5635 717.0282 0
716.5138 718.7798 0
716.9602 718.9001 0
716.9956 719.2728 0
716.0754 719.4818 1
717.8246 719.8262 0
717.8067 720.6588 0
715.6286 722.7744 r0
720.2392 722.8597 0
720.2839 723.3269 0
721.7290 723.8181 0
721.6590 724.2943 0
722.0129 724.4824 0
721.6205 724.6389 1
722.0595 725.1809 0
722.2032 725.4670 1
722.5221 725.6615 0
723.9071 726.1253 0
724.3760 727.1961 0
725.1450 727.4170 0
725.7691 727.8278 0
721.2914 728.1234 r0
726.0382 728.1821 0
726.6418 728.6630 0
725.2499 728.9938 1
727.8690 729.8832 0
726.9178 730.0510 0
728.9133 731.1893 0
728.3540 731.2139 0
723.9892 731.7165 r0
730.0963 732.0591 0
729.7498 732.1813 0
729.6272 732.6196 0
730.9844 733.2652 0
731.5796 733.6964 0
732.1470 734.3543 0
732.3389 734.3877 0
732.5768 734.7309 0
733.1098 735.4157 0
733.5937 735.6811 0
729.1948 735.7207 r0
734.0490 736.4934 0
733.7662 736.6219 0
734.0854 737.7951 0
734.9226 737.8631 0
734.2306 738.2530 0
736.5275 738.5441 0
731.6274 738.8744 r0
737.0775 739.3894 0
737.3526 740.3054 0
738.5405 740.4560 0
739.0911 741.1170 0
739.2161 741.1574 0
739.7681 742.1436 0
739.1800 742.2356 1
740.4099 742.5244 0
739.8584 742.7638 1
739.5300 742.8706 1
741.2842 743.3447 0
741.5585 743.4743 0
741.3090 743.8513 0
742.0748 744.2141 0
744.1725 746.4653 0
745.0758 747.7214 0
746.3760 748.4999 0
745.6973 748.6966 0
745.3351 748.8253 1
747.1305 749.0705 0
746.2978 749.5552 1
747.9517 750.9630 0
748.5113 751.3902 0
750.0525 752.4398 0
750.3899 752.6074 0
749.7296 752.6696 1
749.7459 752.8371 0
745.7714 752.9778 r0
750.5213 753.0561 0
747.2630 754.0950 r0
751.9524 754.2537 0
753.1643 755.2597 0
752.5955 755.9240 1
754.1592 757.1684 0
754.8947 757.2718 0
754.1507 757.7026 1
756.7401 759.8704 1
758.9169 761.3612 0
761.6382 763.8031 0
761.6964 764.4896 0
762.0971 764.4897 0
761.9322 764.6350 0
762.6902 765.7590 0
762.8145 766.0458 0
764.6820 766.6450 0
762.9245 766.7399 0
764.8230 768.2653 1
761.1401 768.2974 r0
765.9059 768.4140 0
766.2767 769.3561 0
766.2662 769.5497 0
767.0388 769.6686 0
766.5625 769.9911 0
767.2369 770.3401 1
764.1202 771.0444 r0
768.4125 771.3554 0
769.1696 771.3628 0
769.6748 771.6715 0
769.9345 772.0385 0
764.4979 772.0947 r0
768.4212 772.1487 0
764.8367 772.8126 r0
770.2660 773.2752 0
770.0728 773.3757 0
769.1627 773.9446 1
771.3514 774.3264 0
772.3713 775.5854 1
773.2858 776.2807 0
769.7293 776.6498 r0
774.2729 777.2677 0
775.4519 777.4986 0
776.2341 778.3383 0
775.8993 778.3766 0
777.0729 779.4168 0
777.2683 779.7342 0
777.2311 779.7673 0
776.6153 779.8833 1
780.2260 782.3452 0
780.6308 782.7226 0
780.7639 783.4969 0
782.0838 784.2261 0
782.8226 784.9586 0
778.7254 785.1473 r0
782.3983 785.4031 1
783.7755 785.9837 0
779.8289 786.3220 r0
783.5058 786.3535 0
784.4638 786.5575 0
784.3692 787.2181 0
785.1978 788.0267 0
786.1989 788.3349 0
786.0545 789.3273 1
787.2733 790.2171 1
787.7683 790.2771 0
787.7311 790.2989 0
783.4208 791.0929 r0
787.8570 791.2904 1
788.9427 791.6915 0
789.7527 791.6929 0
789.7605 791.9915 0
790.5147 792.6840 0
784.5813 792.7520 r0
790.6598 792.7720 0
791.2272 793.6611 0
787.3180 793.8478 r0
792.5912 794.8045 0
792.6939 794.8636 0
793.9821 796.1060 0
793.4178 796.1349 0
793.8751 797.0083 1
795.0010 797.1535 0
795.3242 797.2888 0
796.5278 798.8046 0
797.5814 799.6203 0
797.0022 799.6897 0
797.6319 799.9633 0
797.7348 800.0068 0
798.4066 801.4593 0
798.5318 801.9309 0
799.4072 802.4502 0
799.6944 802.5325 0
795.5485 802.5760 r0
800.8737 803.7403 0
801.3212 804.1930 0
802.2046 804.3309 0
802.2682 805.0704 0
803.1949 806.1008 0
803.9052 806.1811 0
804.3022 806.3000 0
803.4939 806.5238 1
800.7107 808.0109 r0
805.3761 808.0851 0
804.4674 808.1978 0
802.4078 809.2459 r0
803.1399 810.9558 r0
809.2895 811.6749 0
810.8327 812.9316 0
811.3360 813.4213 0
811.5440 813.8348 0
811.9124 813.9225 0
810.8242 814.0573 1
811.0848 814.2560 1
807.6323 814.5388 r0
807.4397 814.6467 r0
812.6694 815.1323 0
814.4917 816.5854 0
811.8492 817.1136 1
813.3644 817.4805 1
813.0383 817.8160 1
813.4717 818.1778 1
815.6252 818.1821 0
815.8134 818.5830 0
813.5585 820.0415 1
820.0314 822.4025 0
816.0341 822.6325 r0
819.6443 822.6816 1
820.0574 823.0284 0
821.1911 823.1185 0
816.6024 823.1527 r0
816.8969 823.3536 r0
821.4032 823.4714 0
821.8579 824.8031 0
820.8536 825.7664 1
824.0375 826.3254 0
822.4535 826.3326 1
824.1658 826.6690 0
824.1085 826.6988 0
823.8795 826.9096 0
820.4534 827.0603 r0
821.1428 827.8229 r0
824.8065 827.8998 0
825.0423 828.7987 0
826.9621 828.9020 0
825.0803 829.0627 1
826.1763 829.2444 0
826.9900 830.7335 0
828.7978 830.8501 0
828.7427 831.1437 0
827.6854 831.3357 1
828.1879 831.4363 1
824.5760 831.6448 r0
829.4281 831.7696 0
830.1577 832.6671 0
830.1389 833.0195 0
830.3035 833.1191 0
825.9484 833.2384 r0
830.7365 833.6872 0
830.7610 834.9315 0
830.7997 834.9321 0
830.7828 835.0145 0
831.9405 835.8618 0
830.9825 836.1526 0
829.3723 836.7994 r0
833.2133 837.2537 0
832.3238 837.6640 0
830.5939 838.4162 r0
834.2679 838.8703 0
834.3150 839.2974 0
834.8193 839.7571 0
837.0003 840.3492 0
838.2830 841.2313 0
832.2287 841.6320 r0
833.8220 841.7120 r0
838.3085 841.7641 0
838.8448 842.1111 1
838.9607 842.2651 0
839.0000 842.7694 0
840.2905 843.3062 1
839.4636 843.6448 0
839.2765 843.9753 0
839.6529 844.1599 0
840.7535 844.4894 0
840.2306 844.7872 0
836.3134 844.9276 r0
836.7452 845.3573 r0
841.9238 845.7470 0
841.2811 845.8550 0
837.1706 845.9750 r0
842.2114 846.5270 0
844.1389 846.6883 0
845.2676 847.7733 0
845.7291 848.0778 0
846.7608 848.9302 0
846.7747 849.3862 0
847.3099 850.3182 1
847.9658 850.3980 0
848.7586 851.6666 0
842.8702 851.7274 r0
850.1908 852.3934 0
851.3721 853.3245 0
851.9809 854.1446 0
852.5060 854.8069 0
854.7179 856.9255 0
856.5472 858.7543 0
851.1647 858.7546 r0
856.5736 858.7694 0
855.9775 858.9138 1
856.8472 859.3589 0
856.4985 860.3359 1
858.8033 860.7707 0
858.3030 860.9643 0
858.3750 860.9819 0
859.2630 861.4220 0
860.6668 862.6722 0
860.3546 863.6069 1
858.5730 864.1601 1
862.4134 864.4647 0
863.6378 866.7880 0
864.6593 867.2845 0
861.3521 868.1104 r0
865.5414 868.4121 0
866.2611 868.8193 0
866.9265 869.1815 0
866.6862 869.4834 0
862.5416 869.5747 r0
867.6751 870.1309 0
868.4815 870.7399 0
868.4826 870.8298 0
868.4895 871.1849 0
868.3486 871.3523 0
868.5814 871.5755 0
865.4646 872.0091 r0
869.9064 872.1731 0
870.6851 872.9738 0
871.5585 873.5037 0
871.5460 873.9048 0
871.6325 874.0346 0
871.2121 874.0922 0
871.8136 874.1051 0
871.1367 874.4896 1
872.4234 874.9235 0
873.3054 875.4477 0
873.6234 876.5384 1
873.2819 876.7049 1
873.7701 877.1489 1
875.5577 878.1741 0
876.8975 879.0321 0
877.4786 879.4192 0
877.6523 879.7668 0
878.3289 880.4225 0
873.8456 880.4434 r0
879.6745 881.7707 0
879.3140 881.8578 0
874.5519 882.1777 r0
879.3657 882.2821 0
879.4876 882.4254 0
880.4692 882.9092 0
881.4101 883.4215 0
881.7933 883.8306 0
882.4990 884.5331 0
882.9463 884.9225 0
885.4273 887.4943 0
885.5396 887.6999 0
886.2445 888.2258 0
885.5195 888.6741 0
886.4299 888.9068 0
886.7702 889.5730 0
886.9080 889.9753 0
888.2173 890.5138 0
884.6100 891.5021 r0
890.6055 892.6670 0
891.2420 893.1599 0
891.1596 893.8192 0
891.8400 895.3293 1
893.6065 895.7437 0
894.2171 896.5867 0
894.6149 896.5970 0
893.4941 896.7588 1
894.4834 896.7795 0
894.0004 896.8553 0
894.3448 896.9378 0
890.5747 897.7939 r0
894.8398 898.1544 0
891.0194 898.2471 r0
895.5521 898.7578 0
896.8806 898.8207 0
896.7949 899.0011 0
897.3378 900.2870 0
898.0353 900.7101 0
897.5137 900.7597 1
898.5051 901.1163 0
899.0433 902.0099 1
900.0912 902.0453 0
899.1537 902.4815 1
901.0988 903.3678 0
894.9471 904.0969 r0
901.9345 904.2655 0
899.9888 904.4632 1
900.5884 904.9337 1
903.3155 905.9586 0
897.6155 906.0910 r0
904.4004 906.4596 0
898.4560 907.4057 r0
905.5621 908.0374 0
906.5834 908.5115 0
907.2019 909.1545 0
902.4891 909.2447 r0
902.9406 909.7235 r0
903.0491 909.7293 r0
907.8879 910.4008 0
908.3922 910.9943 0
909.0305 911.1162 0
909.0371 911.1960 0
908.6758 911.2259 0
909.1532 911.5801 0
909.2134 912.6453 0
910.0909 913.3825 1
911.6058 914.0687 0
913.5834 915.4903 0
914.5560 916.5076 0
915.5985 917.5489 0
916.2429 918.1580 0
915.8761 918.2979 0
910.4090 918.5525 r0
917.0618 920.1181 1
917.5168 920.6910 0
917.6870 920.8107 0
918.7455 921.0002 0
919.8402 922.0016 0
919.9177 922.0866 0
920.4857 922.6716 0
920.7878 922.9175 0
919.9713 922.9709 1
921.2678 923.3990 0
920.7918 923.7453 1
921.2975 923.8353 0
917.2608 924.1468 r0
921.3058 924.2205 0
922.3659 924.5245 0
921.7315 924.9991 1
923.2029 926.1087 0
924.2092 926.4613 0
924.9825 927.2432 0
925.5995 928.2218 0
926.6161 928.5415 0
927.0975 929.4841 0
926.3231 929.5197 0
922.9889 929.7868 r0
927.2827 929.9658 0
928.4847 930.4622 0
927.3882 930.9243 0
924.7646 931.3142 r0
929.4973 932.3123 0
932.0747 934.1101 0
932.2003 934.8729 0
930.9438 935.0084 1
928.2891 935.5706 r0
934.7942 937.0334 0
934.3921 937.0729 0
934.9117 937.2032 0
935.6547 937.8008 0
935.4724 938.6581 0
935.9495 939.2785 1
936.3402 939.3672 0
936.0293 939.7894 0
937.6093 939.8034 0
936.4403 939.9566 0
933.4499 940.1374 r0
938.6607 940.6727 0
938.7460 941.6545 0
938.7582 941.8274 0
939.8080 941.8513 0
939.0958 941.9483 0
940.5604 943.0961 0
941.1317 943.8348 0
935.8807 943.8611 r0
941.4913 944.7405 1
941.5270 944.8871 1
942.7631 945.8484 0
944.0366 946.2646 0
943.5447 946.5633 0
944.3212 946.6487 0
940.3332 946.7869 r0
946.1344 948.0468 0
945.1761 948.1155 1
946.0488 948.7473 0
942.4907 949.2088 r0
947.5030 949.5288 0
947.6662 949.6563 0
947.6262 950.5073 0
947.9372 950.5425 0
949.0039 951.9546 0
949.6834 952.1752 0
951.0025 952.9037 0
950.2887 953.4551 0
951.8501 954.3851 0
953.2050 955.2674 0
953.6329 956.0978 0
954.0020 956.1723 0
953.4993 956.2082 0
954.7021 957.1463 0
955.7682 958.5793 0
955.8620 959.5381 0
955.9595 959.9825 0
956.8699 960.7555 0
956.2096 960.9911 0
954.6549 961.4932 r0
958.8184 961.6214 0
955.3396 961.8485 r0
958.9707 962.1239 0
958.8459 962.3323 0
958.2076 962.4245 0
955.8612 962.9341 r0
959.8218 963.1360 0
955.8402 963.1671 r0
960.9277 964.3506 0
960.6655 964.6717 0
961.0390 964.8386 0
962.0346 965.0125 0
960.3595 965.1312 1
962.9503 965.8792 0
964.0643 966.3199 0
964.0250 966.4919 0
964.3230 966.6208 0
961.4408 966.6305 1
964.7528 967.2309 0
959.9372 967.4918 r0
965.6198 967.5813 0
965.8287 968.6199 0
966.1342 968.6352 0
967.2156 969.1554 0
967.4725 969.4310 0
967.8508 969.7810 0
966.9610 970.0668 1
967.7470 970.5363 0
968.9605 971.0159 0
969.2223 971.2425 0
969.7888 971.8409 0
970.2868 972.1992 0
971.3008 973.2143 0
971.2132 973.3166 0
970.4399 973.3615 0
971.6362 974.4707 0
973.2207 975.1314 0
972.5326 975.4356 0
973.4952 975.5551 0
973.9072 975.8973 0
968.8039 976.2823 r0
974.0669 976.7111 0
974.2266 977.2322 0
974.7072 977.4194 0
975.5169 978.0728 0
974.8138 978.1320 0
975.9775 978.7251 0
976.0835 978.7847 0
976.2526 979.3449 0
976.1308 979.6473 0
976.7564 980.0122 0
973.5615 980.5167 r0
976.9152 980.5394 0
977.2235 980.6422 0
978.1199 981.3368 0
978.6840 981.6384 0
978.6511 981.9346 0
978.6949 982.2709 0
978.7385 982.6065 0
979.2851 982.7102 0
979.3797 983.3734 0
980.6898 984.3307 0
980.4072 984.6789 0
981.4556 984.7648 0
981.1149 984.9300 0
982.1762 985.1886 1
982.5975 985.2263 0
984.7234 986.7259 0
985.8320 988.1200 0
986.5240 989.6126 0
986.6315 989.7177 0
982.6411 989.8854 r0
988.2495 990.7165 0
987.0800 991.1283 0
990.0369 991.9468 0
989.9856 992.0095 0
988.4140 992.2136 0
988.6392 992.4510 1
985.4974 993.0875 r0
991.2891 993.3778 0
986.5320 993.8874 r0
986.9457 994.0063 r0
991.4913 994.4359 0
992.0663 994.8734 0
992.7324 995.4429 0
993.6255 995.8534 0
994.8150 997.2113 0
996.2044 999.3749 0
999.0792 1001.3975 0
999.3018 1001.5911 0
998.8743 1005.2976 r0
