3.2326 6.1886 1
4.9370 6.2514 0
4.4096 6.4606 0
5.5238 7.4698 0
6.1834 8.3054 0
6.9446 8.9188 0
8.1021 9.4597 0
3.5305 10.4698 r0
9.9784 11.2528 0
9.8633 11.4189 0
8.0445 12.0146 1
11.4429 12.7340 0
10.5697 12.7912 0
11.8591 13.1611 0
12.5617 14.5305 0
13.2977 14.8257 0
13.4399 15.7187 0
11.8218 16.5110 1
16.0880 17.4049 0
15.7777 18.8070 0
10.6432 19.5140 1
16.7494 20.1290 0
12.7831 20.5617 1
19.7842 21.7577 0
21.0170 22.2946 0
21.4129 22.8278 0
22.0875 23.7613 0
23.8109 25.8095 0
22.4106 25.9738 1
23.5639 26.0619 0
24.3919 26.5132 0
25.5712 27.6512 0
25.6904 27.9211 0
24.8156 29.1045 0
27.6093 29.2986 0
28.1345 30.1969 0
28.2313 31.3919 0
27.7631 31.4726 1
29.5141 32.5351 0
30.3575 32.5926 0
31.6504 33.8252 0
30.5450 34.5573 0
32.8292 34.5968 0
29.2918 36.7523 r0
36.1531 37.3851 0
36.0177 38.1018 0
37.2524 38.6249 0
36.3277 39.6986 0
38.8741 40.1434 0
38.9190 40.8815 0
37.1113 42.8102 1
42.0488 43.4607 0
42.5160 43.7608 0
40.5383 44.9976 1
42.7531 45.8813 1
44.5615 46.5583 0
45.4167 46.6882 0
45.6879 48.5412 1
49.0190 50.8113 0
49.4671 53.3574 1
50.4171 53.8415 1
51.3353 53.9209 0
55.2066 56.4918 0
53.9414 56.8914 1
55.9128 57.7056 0
55.5066 58.7186 0
56.4128 59.0293 0
56.5978 60.7411 1
56.9261 61.2014 0
57.7717 61.2053 0
57.9225 61.4108 1
59.1145 61.4942 0
59.4802 62.5491 0
60.5039 62.8555 0
60.2750 63.1035 0
58.3518 63.6237 1
61.0176 63.8099 0
61.1450 64.1740 0
55.3269 64.8331 r0
61.5059 64.9062 0
61.7374 65.4407 0
63.6570 66.3651 0
65.5127 66.7623 0
62.2673 66.9093 1
63.3819 67.8596 1
72.6033 73.8813 0
71.9233 73.9052 0
72.7569 74.4506 0
71.5854 74.6369 1
72.8156 75.3396 0
72.6790 76.2767 1
74.3326 76.3203 0
75.7299 77.8937 0
76.9623 78.2227 0
74.0141 78.5839 1
77.8311 79.1806 0
79.9470 81.3350 0
75.5502 82.7774 r0
81.6462 84.0497 0
80.7266 84.2804 1
82.8645 84.6237 0
83.8259 85.6899 0
83.5099 87.1006 1
83.4183 87.1772 1
88.1081 89.6158 0
84.0126 90.2302 1
89.0456 91.0547 0
88.9419 91.2319 0
88.3381 92.2685 1
91.5777 92.9508 0
86.1479 94.1606 r0
92.3270 94.3189 0
92.3031 94.7670 0
92.8761 94.9799 0
93.3849 95.5197 0
93.6722 96.1227 0
93.7519 96.4233 0
89.9624 96.9319 r0
94.3043 97.5860 0
95.8166 97.7385 0
94.6018 97.7965 0
96.4086 99.0129 0
97.4260 101.3285 1
99.8393 101.4232 0
100.6372 101.9351 0
101.3916 102.9430 0
100.8722 103.7595 1
103.1720 104.4831 0
104.2010 105.7087 0
105.0608 106.3647 0
106.6745 108.0267 0
107.0367 108.5340 0
105.4692 108.7181 1
108.1209 109.9705 0
110.5269 111.8240 0
111.0108 112.5349 0
112.2269 113.7720 0
113.4113 114.6951 0
113.0667 115.7862 0
114.1091 115.9687 0
113.6616 116.6310 0
114.4697 117.1936 0
114.2280 117.4801 1
115.8742 117.5762 0
116.1124 118.0111 0
116.0875 120.1531 1
117.7853 121.0616 0
120.1469 122.7839 0
121.7307 123.1083 0
120.0655 123.2704 1
122.2893 123.4990 0
121.9792 124.8316 1
124.8497 126.2033 0
124.5459 126.3655 0
124.8796 126.6625 0
125.6358 127.6342 0
123.8935 128.8604 1
125.6515 128.9381 0
128.1602 130.0618 0
129.1348 130.4423 0
124.4973 130.8656 1
124.7367 132.0274 1
130.6891 132.0962 0
130.9569 132.5833 0
132.4753 133.7811 0
131.1096 134.3291 0
133.0868 134.7058 0
133.5772 135.4090 0
134.2568 135.8625 0
135.7967 137.1616 0
134.0329 137.4993 1
136.3064 138.4947 0
136.4443 138.8125 0
136.3684 139.6688 0
138.2080 140.2123 0
136.4580 140.2147 1
138.9099 141.0702 0
139.2247 141.6069 0
138.5180 141.6886 1
136.7170 141.8691 0
140.4351 142.3856 0
140.9676 144.1988 0
144.5328 145.9501 0
143.2817 146.8717 1
142.4056 148.6320 1
146.9444 148.7042 0
146.8365 149.3691 0
147.2207 149.9441 0
147.4257 150.8264 0
148.6676 151.9789 1
149.1302 152.2953 0
149.1105 152.3855 1
148.3903 152.5734 0
147.8528 153.1851 0
150.4247 153.7897 0
149.5471 154.4620 0
151.5576 155.1310 0
152.4667 155.2670 0
147.0149 155.8887 r0
153.3301 155.9323 0
155.3785 156.7465 0
153.2991 156.8522 1
160.7743 162.3941 0
160.0922 162.9018 1
161.1950 162.9503 0
160.0464 163.1810 1
162.7097 164.2113 0
162.0721 164.5487 0
163.5301 166.0201 0
162.5161 166.1112 1
163.6288 166.1851 0
161.8487 166.4834 1
164.3160 167.3607 0
165.2556 168.4498 0
161.4116 169.8294 r0
167.5220 170.0225 0
168.8115 171.0783 0
163.2168 171.2228 r0
169.9157 171.7241 0
170.7049 172.1325 0
168.5722 172.6698 1
172.9651 174.7344 0
173.3284 175.5245 0
175.1776 176.4216 0
174.3659 177.4946 1
175.0821 178.0665 1
175.7772 178.5630 0
175.3209 180.3700 1
179.3733 180.7632 0
179.9160 181.2886 0
178.6796 181.6798 1
181.7111 183.1187 0
181.7169 183.4444 0
183.9433 185.7312 0
183.3186 186.3836 1
180.0162 186.8871 r0
185.7242 187.2160 0
186.2816 188.3454 0
186.0363 188.5841 0
186.8450 189.8199 0
184.8842 189.8506 1
184.1277 190.3821 1
191.2615 192.8520 0
186.9265 193.4576 1
185.9595 193.6912 1
192.4139 194.5644 0
193.2406 195.2437 0
193.8802 195.7110 0
191.1861 196.3596 1
194.8371 196.5691 0
189.9737 197.1477 r0
194.9829 197.2217 0
195.8180 197.3786 0
194.8957 199.2569 1
