0.8221 3.3127 0
2.3286 4.2305 0
0.4768 4.3825 1
2.7656 4.4560 0
2.9956 4.7614 0
3.4285 4.8341 0
2.1128 5.7631 1
5.9710 7.6661 0
6.8830 8.4600 0
6.6114 9.5392 0
6.0306 9.5912 1
6.4281 10.6506 1
12.5338 14.0799 0
13.2556 15.0164 0
13.5502 15.3758 0
12.3170 15.5405 1
14.8423 16.3585 0
14.9628 16.5622 0
14.5049 16.7213 0
15.6424 17.1199 0
15.3101 17.5478 0
16.9037 18.5806 0
17.7381 19.1589 0
18.9111 20.3523 0
19.4230 20.9071 0
19.5926 21.0468 0
18.6263 21.8184 0
17.5668 22.1540 1
19.9592 22.3984 0
21.0555 22.7638 0
21.5082 22.9712 0
22.2879 26.0030 1
24.8962 26.4303 0
25.2513 26.7619 0
23.4463 27.0486 1
24.1608 27.2821 0
25.8381 27.2996 0
27.0629 28.6188 0
27.1335 30.3430 1
29.0932 30.5480 0
29.6329 31.2372 0
29.9461 31.4779 0
29.4366 32.2910 0
29.9883 32.4077 0
31.5301 33.3998 0
30.6978 33.6911 0
31.9177 33.8219 0
30.2928 34.0855 1
34.1283 35.5606 0
34.7333 36.3034 0
29.5244 36.9742 r0
35.0079 38.6707 1
36.1703 40.4980 1
39.6159 41.2514 0
36.8746 42.5014 1
40.6390 42.6471 0
42.4668 43.8968 0
42.6423 44.0557 0
42.8439 44.3305 0
45.5044 46.9822 0
45.5225 47.1122 0
47.0515 49.2213 0
48.9967 51.0544 0
49.0934 52.2080 0
48.8921 52.2666 1
51.0578 53.3373 0
53.2634 55.1421 0
54.5900 57.8031 1
56.6432 58.1361 0
55.6083 58.4231 0
56.9174 58.5385 0
57.5080 59.0910 0
56.9216 59.7713 0
59.1151 60.5967 0
60.9243 62.6239 0
61.4961 62.9292 0
61.6558 63.3346 0
61.5018 63.4146 0
62.0242 63.9156 0
62.2120 64.0330 0
62.2342 64.4456 0
62.8835 65.6820 0
62.7785 65.6925 0
62.3575 66.0498 0
62.9517 66.2191 0
63.0744 66.7298 0
64.1798 67.1500 0
63.0989 67.2684 0
65.6056 67.6520 0
65.4288 67.7561 0
66.4409 68.2039 0
67.9916 69.5821 0
68.3262 69.7392 0
69.4822 71.1585 0
67.7613 71.4410 1
70.4240 72.4247 0
71.0597 72.5178 0
72.0598 74.6769 0
72.6275 74.6821 0
72.8449 74.6966 0
73.7430 75.1975 0
74.8581 76.3364 0
74.8190 76.5528 0
77.0256 78.4976 0
75.0902 78.8806 1
77.2991 78.9785 0
75.2934 79.9852 1
78.7266 80.2234 0
78.0036 81.2994 1
79.1931 82.6592 0
81.0765 82.9331 0
82.0906 83.6442 0
82.4987 84.3096 0
82.9202 84.3811 0
81.8179 84.6840 0
83.5055 84.9550 0
82.2036 85.5015 1
78.3709 85.8638 r0
87.7268 89.8499 0
88.0108 91.8828 1
90.1122 93.4199 1
92.4617 93.9565 0
92.1001 94.5597 0
92.7599 95.9898 1
92.6073 96.0650 1
95.9421 97.8041 0
96.0856 97.8112 0
95.3520 97.9079 0
94.5430 99.4831 1
97.5199 99.4960 0
94.6661 99.6264 1
96.8886 100.2367 1
100.1363 101.5932 0
100.8136 102.4531 0
100.6016 102.7121 0
96.1063 103.5466 r0
100.8977 103.6598 0
102.2076 103.9010 0
101.4642 103.9165 0
102.8195 104.3280 0
101.3958 104.4232 0
96.9187 104.4370 1
101.1017 105.4423 1
103.5969 105.5541 0
103.6594 106.6597 0
105.2423 106.7927 0
105.6067 107.0736 0
103.8178 108.3177 1
106.9071 108.3404 0
106.7541 108.4271 0
107.1034 108.7058 0
105.2367 108.8320 1
107.8654 109.8767 0
108.0738 109.9719 0
108.6718 110.0928 0
108.9627 110.5307 0
108.3058 111.8392 1
109.7370 111.8521 0
110.5993 112.7637 0
111.4992 113.0082 0
114.6751 116.1416 0
114.7169 116.6762 0
114.9346 118.2176 1
117.5215 119.5149 0
118.4189 120.1162 0
119.3606 120.7856 0
119.6064 121.1983 0
119.5197 121.2441 0
119.8463 121.9529 0
122.1125 123.8146 0
122.4477 124.1140 0
121.1199 125.1028 1
123.2528 125.1710 0
124.4835 125.9413 0
124.1363 126.0462 0
124.3919 126.3738 0
125.8316 127.5121 0
126.7170 128.2542 0
128.0405 130.0077 0
128.7819 130.1952 0
129.1141 130.9731 0
129.9241 133.1732 1
130.2821 133.4952 1
132.2972 134.1342 0
133.0637 134.5556 0
133.3848 135.1634 0
132.1918 136.2827 1
135.1585 136.8419 0
136.8347 139.1811 0
136.5163 139.3350 0
136.6727 139.9151 1
138.6359 140.3494 0
139.6097 141.5589 0
140.6116 142.3444 0
140.9008 142.4047 0
140.7479 142.4803 0
141.2802 142.7514 0
141.8224 143.4952 0
136.6843 144.0204 r0
142.5950 144.3398 0
144.0438 145.7114 0
144.2678 145.8881 0
142.6364 146.0289 1
145.3298 147.1406 0
145.6099 147.3442 0
145.0251 148.4623 1
147.1979 148.6951 0
147.8730 149.8419 0
147.3390 150.8071 1
149.3399 151.0692 0
150.4962 152.0002 0
151.6918 153.1254 0
151.4793 153.8308 0
152.2872 154.0996 0
152.6323 154.2709 0
152.8292 154.5104 0
154.6180 156.3010 0
153.6970 157.5933 1
156.3420 158.3519 0
156.8272 158.4403 0
157.7774 159.2513 0
157.0436 159.2570 0
158.4820 159.9242 0
156.7370 159.9525 1
159.1235 160.8442 0
160.1828 162.3672 0
161.2934 162.7162 0
161.3616 162.8602 0
162.1124 163.5749 0
160.2221 163.6878 1
162.3976 164.4391 0
160.2866 164.5882 1
162.5508 164.9956 0
163.6849 165.2013 0
159.5054 166.5397 r0
165.0240 166.8255 0
165.4414 166.9898 0
165.8650 167.3956 0
165.7930 167.8333 0
165.3109 168.7429 1
167.9141 169.4173 0
168.6198 170.0719 0
168.6216 170.2243 0
168.4966 170.4103 0
167.9329 171.1870 1
172.7670 174.4163 0
173.7069 177.0964 1
175.5221 177.8151 0
174.6603 177.8976 1
177.0856 179.1065 0
176.3710 179.3476 0
177.7704 179.3681 0
178.0334 179.7288 0
178.0998 179.9298 0
179.1608 180.7677 0
181.0135 182.5890 0
181.7991 183.3653 0
180.2700 183.4828 1
181.7456 183.5835 0
182.4735 184.5264 0
182.4058 185.8942 1
184.8727 186.6097 0
184.3870 187.2047 0
184.1672 187.4114 1
186.1018 187.5488 0
184.1725 187.7800 1
186.7538 188.5804 0
186.8391 189.0617 0
187.8078 189.2128 0
187.6699 189.4141 0
188.1156 189.7286 0
188.4787 190.1410 0
189.5831 191.0681 0
189.8260 191.2283 0
190.0221 191.4433 0
189.4167 191.5592 0
190.2165 191.8927 0
190.3877 192.8550 0
190.9865 192.9024 0
191.0865 192.9707 0
190.8079 193.0980 0
191.6036 193.6896 0
190.6626 194.2925 1
192.6624 194.3316 0
192.4633 194.4755 0
193.1277 195.1244 0
193.8024 195.3138 0
196.5010 197.9922 0
198.5848 200.4678 0
198.5072 200.6680 0
200.9230 203.5684 0
202.2405 203.8467 0
202.6109 204.0714 0
203.3826 205.1154 0
203.9924 205.3929 0
203.1418 205.5173 0
203.6301 205.6009 0
204.4148 206.1811 0
202.4435 206.3586 1
204.9059 206.8358 0
205.3424 207.2077 0
204.8852 207.6355 0
205.5144 208.8900 1
207.5119 208.9267 0
207.6409 209.1210 0
208.2920 209.8621 0
207.7524 210.8632 0
209.4913 210.9426 0
209.5226 211.6799 0
208.1013 211.7354 1
212.6469 214.0852 0
212.8878 214.3302 0
211.8145 214.7292 0
211.2006 214.7797 1
213.6105 215.0437 0
213.4669 215.0809 0
214.4212 215.8858 0
215.1928 216.7578 0
215.4566 216.8812 0
215.3940 216.8861 0
214.9914 218.3539 1
215.4063 218.6759 1
215.9409 219.3153 1
221.3402 223.0684 0
223.6578 225.3110 0
223.0793 225.8564 0
223.3834 225.9158 0
224.4882 226.2301 0
224.9777 226.5159 0
225.9900 227.4116 0
226.1566 227.6084 0
226.5285 228.0337 0
228.4197 230.0853 0
228.6658 230.2531 0
229.3920 230.9654 0
229.7420 232.7340 0
231.4142 233.1096 0
230.2851 233.7137 1
234.2491 235.6845 0
234.9380 236.4463 0
239.0380 240.7894 0
239.9837 241.3912 0
239.3561 242.6770 1
239.6938 243.3284 1
242.7328 245.0086 0
243.9324 245.3578 0
242.6092 246.0701 1
238.8496 246.2405 r0
245.2881 246.8884 0
244.7413 247.9944 1
246.9636 248.5297 0
246.9478 249.0579 0
245.6784 250.0273 1
249.1290 251.0982 0
249.6518 251.1158 0
249.6518 251.4994 0
249.4941 252.1435 0
250.7300 252.5272 0
252.2242 253.6341 0
252.0543 253.6868 0
250.7510 254.4687 1
255.6643 257.3673 0
255.0103 257.6671 0
258.0937 259.4939 0
258.3682 260.3093 0
263.7403 265.2550 0
258.0545 265.4181 r0
263.9842 265.6870 0
264.8428 266.4109 0
263.7126 267.2683 1
264.3319 267.6820 1
265.9015 267.7092 0
266.4053 267.9702 0
265.5062 268.4735 0
266.7175 269.0050 0
267.6500 269.7625 0
266.1787 271.3853 1
269.9071 271.6483 0
270.1557 271.6808 0
269.3134 272.8209 1
272.8300 274.4693 0
273.1043 274.7061 0
273.8985 275.3495 0
274.7124 276.7160 0
275.2077 276.9214 0
275.4489 277.0097 0
276.6381 278.0398 0
275.6712 279.0276 1
280.5074 282.0345 0
280.8358 282.3814 0
279.0426 282.8359 1
281.7464 283.4175 0
281.9430 284.4590 0
281.3782 284.7320 1
283.3235 285.6838 0
284.1005 285.9240 0
284.3978 286.1458 0
285.1812 286.6110 0
286.0998 287.8616 0
284.4817 288.3762 1
285.1974 288.6533 1
287.6150 289.0513 0
287.6422 289.2170 0
286.1340 289.5449 0
287.5706 290.8285 1
289.2771 291.3101 0
290.0959 291.7113 0
290.8148 292.2456 0
290.5916 292.2907 0
291.6426 293.3567 0
291.5338 293.5746 0
293.4910 295.2889 0
294.6570 296.1405 0
295.5961 297.4813 0
298.3412 299.8049 0
302.4861 303.8889 0
302.8631 304.3013 0
303.2956 304.6995 0
302.7862 304.8138 0
302.4962 304.8184 0
301.0463 305.0947 1
304.4978 306.0997 0
306.2613 307.8936 0
306.5860 307.9894 0
306.5483 308.0124 0
307.6483 309.3205 0
308.0182 309.4889 0
305.6457 310.2159 1
309.3897 310.8210 0
307.4255 311.0852 1
308.0461 311.4947 1
310.0441 311.9335 0
309.6239 312.0965 0
309.4981 312.1140 0
310.1294 312.6235 0
310.4334 313.5578 0
312.0762 313.9429 0
313.0304 314.5919 0
313.7579 315.9769 0
312.5055 316.0518 1
312.5153 316.0782 1
315.7675 317.3530 0
315.1115 317.9949 0
319.9769 321.5042 0
319.1218 321.7981 0
320.5342 322.5899 0
321.6974 323.1342 0
323.7725 325.2961 0
325.0365 326.5386 0
327.1531 328.5891 0
325.1516 328.6743 1
326.5884 328.8949 0
327.9841 329.9418 0
328.9263 330.4903 0
329.6054 331.9705 0
330.3603 331.9999 0
331.0046 332.5591 0
329.5889 332.7402 0
329.0395 333.0144 1
331.6028 333.2320 0
330.1576 333.3640 1
331.6418 333.5860 0
330.3259 333.5903 1
332.4665 334.2223 0
334.1564 335.7987 0
335.3252 336.7310 0
335.6948 337.2491 0
334.6476 338.2555 1
336.1647 338.4752 0
334.9157 338.7224 1
337.0409 338.8360 0
338.3392 340.0711 0
338.1738 341.5445 1
341.0691 344.9616 1
343.7066 345.3227 0
344.1153 345.7896 0
344.8814 346.3539 0
344.8547 347.0525 0
344.5399 347.7923 0
346.8665 348.9652 0
345.8349 349.0459 1
347.4144 349.0529 0
348.0918 349.5590 0
348.0650 349.6145 0
347.2108 349.7849 0
348.6269 350.4276 0
348.8506 350.7668 0
351.3253 352.8049 0
349.9503 352.8192 0
348.9946 353.0180 1
352.6915 354.5742 0
351.5806 355.3957 1
352.7822 356.0176 1
354.3508 356.4800 0
354.8964 356.4933 0
356.4374 360.4123 1
359.0608 361.0339 0
359.6227 361.0785 0
358.6751 362.0195 1
361.6964 363.2215 0
360.9982 364.2865 1
362.8634 364.4218 0
362.5964 365.1498 0
363.7873 365.2828 0
363.1996 365.4006 0
363.7447 365.7160 0
364.0760 366.3388 0
365.1114 366.6904 0
364.1382 366.7332 0
365.1172 366.8037 0
365.7276 367.2155 0
365.8187 368.0489 0
363.5566 368.0932 1
366.0345 368.1613 0
366.6795 368.3622 0
367.1658 369.7926 0
368.5716 370.0890 0
368.7569 370.2204 0
369.8447 371.4572 0
368.8255 372.2930 1
369.9154 372.5863 0
371.2426 372.7803 0
371.0857 372.8366 0
369.3893 372.9458 1
370.3411 373.0201 0
371.8664 373.3247 0
370.0753 373.5868 1
373.0904 374.5171 0
373.9612 375.5266 0
372.4143 375.6968 0
370.8169 376.3404 1
375.6952 377.1345 0
374.4807 377.5741 0
374.1618 377.5814 1
374.7209 377.6841 0
376.3634 377.7659 0
376.2514 377.8764 0
376.8640 379.1772 0
375.7353 379.2387 1
376.5523 379.4922 0
378.4713 380.4894 0
379.0104 380.5523 0
379.2093 380.8611 0
380.0655 381.8408 0
377.5633 382.0450 1
380.2026 382.3708 0
380.0457 383.3931 1
382.0267 383.4528 0
382.1994 383.7562 0
382.2005 383.8497 0
382.5859 384.3256 0
383.2767 385.0209 0
382.0278 385.2926 1
385.0412 386.5325 0
385.2139 386.8432 0
385.9075 387.8092 0
385.9452 387.8529 0
386.0610 387.9275 0
386.6027 388.2502 0
386.2619 389.2062 0
387.5197 389.2507 0
387.8484 390.3023 0
389.0487 390.6623 0
387.7628 391.3496 1
390.4098 392.2730 0
391.1902 392.7237 0
389.9496 393.4259 1
392.2018 393.7742 0
392.5601 393.9933 0
392.3843 394.2191 0
390.2405 394.4192 1
391.4430 394.8419 0
394.0530 395.8239 0
394.2492 396.0289 0
394.0232 397.9259 1
396.8760 398.7864 0
397.3974 399.0713 0
398.0442 399.7628 0
397.6349 399.9401 0
398.5822 400.0768 0
399.2911 400.7596 0
399.1205 401.2272 0
394.4288 401.6630 r0
398.4044 401.9086 1
400.8314 402.2689 0
401.0098 402.6021 0
400.4064 402.6236 0
400.1093 403.4150 1
401.9656 403.5182 0
402.8199 404.2804 0
403.3644 404.8705 0
402.3082 404.8773 0
403.6256 405.0998 0
404.0866 405.5027 0
405.5671 406.9864 0
406.1020 407.7186 0
406.8859 408.5614 0
405.4461 408.9091 1
407.7548 409.7212 0
408.6289 410.5578 0
407.5165 411.0389 1
409.9260 411.8628 0
409.8845 411.9250 0
411.7581 413.7099 0
413.0041 414.5261 0
413.1801 414.8218 0
413.3042 416.2196 0
414.3653 416.2724 0
416.6136 418.2250 0
416.9503 418.3787 0
417.3128 418.7513 0
417.3829 418.8116 0
418.5542 419.9779 0
417.2852 420.7043 1
419.2667 421.0841 0
420.5483 422.4987 0
419.5861 423.1002 1
419.2484 423.1608 1
421.4876 423.1682 0
422.2730 423.8344 0
422.2360 423.9134 0
422.1609 424.5700 0
420.2935 424.7328 1
425.0031 427.0421 0
427.4497 428.8765 0
426.9086 429.3745 0
429.8510 431.2989 0
429.7484 431.4226 0
428.0748 432.5930 1
429.4453 432.6568 1
431.4809 432.9274 0
431.4059 433.2573 0
430.6276 433.5960 0
432.3752 434.3426 0
433.0467 434.4957 0
431.2425 434.5341 1
433.2521 434.9247 0
433.6165 435.0903 0
437.4324 438.8414 0
437.5325 438.9780 0
437.8424 439.3564 0
439.8989 441.4729 0
438.9072 442.6680 1
441.4640 443.2227 0
442.3103 443.8195 0
441.8636 444.3971 0
443.6380 445.3217 0
445.0405 446.4883 0
445.5561 447.0887 0
445.7873 447.4668 0
444.7968 448.0433 1
446.6229 448.6302 0
448.6008 450.0710 0
448.5688 450.1809 0
450.0319 451.6204 0
452.8739 454.4808 0
450.1643 454.7487 1
452.5969 455.1286 0
454.0274 455.5506 0
453.4225 456.6429 1
454.9789 457.6492 0
456.5720 458.0130 0
457.6269 459.2404 0
459.0850 461.4745 0
459.2205 461.7357 0
459.9823 461.9182 0
460.3470 461.9811 0
460.3420 462.7567 0
460.2672 463.5866 1
462.3520 463.9625 0
462.4536 464.2507 0
463.4570 465.3322 0
465.1674 466.6162 0
466.2927 467.8885 0
467.3772 469.1695 0
467.9236 469.3613 0
467.4915 469.3628 0
467.8627 469.5313 0
466.4271 469.6699 1
467.9769 470.7140 0
467.9508 470.7764 0
469.2390 470.9075 0
469.1518 471.4178 0
469.8831 471.4285 0
471.4357 473.0863 0
470.5746 473.3404 0
473.7195 475.1284 0
473.8325 475.4551 0
474.3649 476.0816 0
473.8656 477.1359 1
475.9166 477.8297 0
475.7175 478.3207 0
477.4992 480.2663 0
478.0225 481.4062 1
479.0973 482.1287 0
478.5998 482.2417 1
482.1717 483.8065 0
482.8069 484.2760 0
482.5622 484.3021 0
482.4376 484.5182 0
483.2796 484.7853 0
483.9253 485.3662 0
482.5515 485.8729 1
487.2781 488.8645 0
487.3596 488.9290 0
488.4066 489.8571 0
486.7264 490.4298 1
490.7783 492.4883 0
491.8198 494.1617 0
489.6848 494.1616 1
494.1296 495.5802 0
495.1363 496.9324 0
493.9222 497.4538 1
497.2925 498.7540 0
496.3487 499.1091 0
498.0180 499.4600 0
498.1742 499.5910 0
498.5696 500.0568 0
498.6024 503.0471 1
