1.0311 2.8507 0
1.5938 4.9406 1
3.9922 5.7892 0
5.4201 6.7340 0
3.5190 7.0261 1
6.0062 7.4266 0
4.9553 8.5189 1
10.8081 12.0134 0
10.9597 13.3958 0
11.6633 14.2929 0
11.9635 14.7449 0
12.4059 15.5956 0
19.4167 20.6706 0
19.9410 21.1448 0
21.1053 22.8275 0
21.6611 23.0760 0
23.1534 24.7294 0
24.1250 27.5315 1
27.1888 28.3969 0
25.5342 29.0088 1
24.8576 29.9656 1
28.0446 30.5204 0
23.9110 31.1036 r0
29.9107 31.7821 0
30.3424 31.9225 0
28.3516 32.6612 1
32.1775 33.5212 0
31.2189 34.0607 1
31.5577 34.3742 1
33.8323 36.8685 1
34.7865 37.7461 1
36.5065 39.3742 1
38.0412 39.4596 0
38.9677 40.3343 0
40.3419 41.7031 0
40.9819 43.9093 1
42.0477 44.6072 0
43.8304 45.0766 0
43.9777 46.3605 0
46.9433 48.6186 0
47.6793 49.3778 0
47.8928 49.8372 0
47.4821 50.9878 1
49.1770 51.4146 0
48.4673 51.5473 0
48.5529 51.5645 1
51.3217 53.2214 0
49.9116 53.4340 0
52.0265 55.5212 1
55.3080 56.5123 0
56.5333 58.5214 0
57.0414 61.2262 1
59.9135 62.7214 1
61.1518 63.7080 0
65.7695 67.2078 0
67.2119 68.8932 0
71.9094 73.1385 0
72.1720 74.5770 0
72.5762 75.3451 0
77.1846 78.7152 0
77.1560 80.2984 1
80.7440 83.5746 1
84.2776 85.6145 0
83.9047 86.8859 1
87.3812 88.7577 0
84.1006 90.7775 r0
91.1467 92.6436 0
93.2777 94.7385 0
94.5844 97.7387 1
96.5802 98.0008 0
96.9820 98.5071 0
98.3569 99.7888 0
96.9724 100.2517 1
101.2244 105.1267 1
105.6496 106.9461 0
104.4817 107.9960 1
106.5694 108.1880 0
105.4161 108.2439 1
105.4250 108.3127 1
106.5405 108.8000 0
106.8576 109.5449 0
107.9082 110.3720 0
106.2706 110.8040 1
108.1927 110.9657 0
107.5864 111.3565 1
107.7544 111.3732 1
111.8907 113.0957 0
109.8287 114.3514 1
112.1667 114.4696 0
108.1446 114.9607 1
113.5404 116.7055 1
115.9036 117.2848 0
116.7914 119.0895 0
119.3881 122.3942 1
116.2895 122.9251 r0
121.1204 124.4182 1
122.4805 125.4270 1
124.2821 125.5611 0
125.2061 128.6666 1
125.5904 128.7150 1
126.8977 128.8242 0
128.7967 130.2602 0
129.3413 130.5444 0
128.7260 132.5485 1
129.7649 132.7800 1
132.0508 133.4083 0
132.4948 135.3183 1
134.0129 136.1582 0
135.3942 137.1572 0
134.7690 137.6011 1
136.3499 139.9370 1
138.9160 140.2459 0
140.3107 141.9246 0
141.7259 143.3984 0
140.9801 143.8798 0
141.1910 145.3125 1
143.6368 145.5580 0
142.4201 146.4350 0
150.3835 151.9042 0
150.8981 152.4765 0
154.6221 156.1706 0
157.6981 158.9008 0
158.0502 159.7306 0
157.0693 160.1082 1
158.3876 161.2064 1
161.9231 163.2746 0
163.3015 164.6860 0
162.1202 165.0458 1
164.4381 165.6889 0
164.7137 166.6760 0
164.6794 167.5561 1
165.9203 168.9088 0
165.9860 169.1952 1
166.9100 169.3056 0
171.1104 173.2235 0
172.3521 173.9752 0
172.4859 174.4655 0
171.9487 174.8379 1
172.9211 175.6389 0
173.5973 175.8140 0
173.4216 176.2230 1
175.0375 177.8492 0
176.3036 177.8850 0
178.0136 179.3169 0
178.1660 180.2178 0
178.4858 181.9332 0
181.6696 182.8820 0
181.6811 183.8779 0
182.3054 184.7621 0
184.9459 186.6148 0
184.6092 187.5754 0
185.2293 188.8583 0
187.7401 189.1863 0
186.7412 189.6593 1
186.4422 189.8434 1
189.4290 190.6475 0
187.2265 190.8905 1
191.1216 193.0848 0
188.1670 193.8465 1
192.6467 195.0967 0
197.6851 199.3493 0
197.7866 200.9670 1
198.1000 204.3125 r0
